t;x;y;
0,000000E0;-2,688160E-2;1,701119E-3
8,333333E-3;-2,688297E-2;1,700551E-3
1,666667E-2;-2,687471E-2;1,698573E-3
2,500000E-2;-2,686427E-2;1,689223E-3
3,333333E-2;-2,683711E-2;1,687259E-3
4,166666E-2;-2,679763E-2;1,678538E-3
5,000000E-2;-2,675856E-2;1,679221E-3
5,833333E-2;-2,669949E-2;1,672631E-3
6,666666E-2;-2,664324E-2;1,671817E-3
7,499999E-2;-2,656234E-2;1,683201E-3
8,333333E-2;-2,647567E-2;1,673967E-3
9,166666E-2;-2,637899E-2;1,673730E-3
9,999999E-2;-2,628177E-2;1,667737E-3
1,083333E-1;-2,616361E-2;1,642972E-3
1,166667E-1;-2,603434E-2;1,631470E-3
1,250000E-1;-2,590059E-2;1,606832E-3
1,333333E-1;-2,575412E-2;1,588145E-3
1,416667E-1;-2,559429E-2;1,569114E-3
1,500000E-1;-2,542998E-2;1,548864E-3
1,583333E-1;-2,525783E-2;1,520772E-3
1,666667E-1;-2,508562E-2;1,503612E-3
1,750000E-1;-2,488233E-2;1,479567E-3
1,833333E-1;-2,468087E-2;1,449697E-3
1,916667E-1;-2,446443E-2;1,418737E-3
2,000000E-1;-2,425324E-2;1,389970E-3
2,083333E-1;-2,402030E-2;1,370072E-3
2,166667E-1;-2,378508E-2;1,341500E-3
2,250000E-1;-2,353847E-2;1,314916E-3
2,333333E-1;-2,327928E-2;1,285457E-3
2,416667E-1;-2,300913E-2;1,255723E-3
2,500000E-1;-2,273476E-2;1,224669E-3
2,583333E-1;-2,245181E-2;1,187107E-3
2,666666E-1;-2,215354E-2;1,153720E-3
2,750000E-1;-2,185622E-2;1,128011E-3
2,833333E-1;-2,154378E-2;1,095909E-3
2,916666E-1;-2,122734E-2;1,066950E-3
3,000000E-1;-2,090286E-2;1,037446E-3
3,083333E-1;-2,057322E-2;1,006263E-3
3,166666E-1;-2,023892E-2;9,726613E-4
3,250000E-1;-1,989376E-2;9,403345E-4
3,333333E-1;-1,954486E-2;9,078260E-4
3,416666E-1;-1,919237E-2;8,730170E-4
3,500000E-1;-1,882106E-2;8,371819E-4
3,583333E-1;-1,844982E-2;7,982008E-4
3,666666E-1;-1,807410E-2;7,618591E-4
3,750000E-1;-1,768735E-2;7,326717E-4
3,833333E-1;-1,728942E-2;7,047989E-4
3,916666E-1;-1,688354E-2;6,777889E-4
4,000000E-1;-1,647948E-2;6,429056E-4
4,083333E-1;-1,606570E-2;6,186336E-4
4,166666E-1;-1,565327E-2;5,918193E-4
4,250000E-1;-1,524218E-2;5,592778E-4
4,333333E-1;-1,480644E-2;5,271816E-4
4,416666E-1;-1,438914E-2;5,011663E-4
4,500000E-1;-1,394968E-2;4,688727E-4
4,583333E-1;-1,351550E-2;4,420267E-4
4,666666E-1;-1,305870E-2;4,156011E-4
4,750000E-1;-1,261969E-2;3,874781E-4
4,833333E-1;-1,215981E-2;3,598295E-4
4,916666E-1;-1,170914E-2;3,328441E-4
5,000000E-1;-1,125079E-2;3,086453E-4
5,083333E-1;-1,079051E-2;2,930610E-4
5,166666E-1;-1,031162E-2;2,650620E-4
5,250000E-1;-9,841032E-3;2,479786E-4
5,333333E-1;-9,366028E-3;2,397185E-4
5,416666E-1;-8,882689E-3;2,119214E-4
5,500000E-1;-8,399520E-3;1,903438E-4
5,583333E-1;-7,923388E-3;1,709669E-4
5,666666E-1;-7,436338E-3;1,514029E-4
5,750000E-1;-6,956854E-3;1,284939E-4
5,833333E-1;-6,473753E-3;1,042718E-4
5,916666E-1;-5,980333E-3;9,917154E-5
6,000000E-1;-5,478268E-3;8,686383E-5
6,083333E-1;-4,997891E-3;7,725160E-5
6,166666E-1;-4,507424E-3;6,565387E-5
6,250000E-1;-4,004300E-3;5,254275E-5
6,333333E-1;-3,503102E-3;4,535248E-5
6,416666E-1;-2,993406E-3;3,631537E-5
6,500000E-1;-2,496026E-3;3,484142E-5
6,583333E-1;-1,991717E-3;3,353972E-5
6,666666E-1;-1,511034E-3;2,539977E-5
6,750000E-1;-1,006614E-3;1,990643E-5
6,833333E-1;-5,088542E-4;1,238527E-5
6,916666E-1;-7,480488E-7;2,116663E-6
7,000000E-1;5,013802E-4;2,077914E-6
7,083333E-1;9,980473E-4;5,026129E-6
7,166666E-1;1,493589E-3;8,199672E-6
7,250000E-1;1,992059E-3;6,475242E-6
7,333333E-1;2,483453E-3;6,503578E-6
7,416666E-1;2,978079E-3;1,283992E-5
7,499999E-1;3,471921E-3;1,469369E-5
7,583333E-1;3,956014E-3;1,647136E-5
7,666666E-1;4,442625E-3;2,323540E-5
7,749999E-1;4,936381E-3;2,612125E-5
7,833333E-1;5,416648E-3;2,872722E-5
7,916666E-1;5,923255E-3;5,399037E-5
7,999999E-1;6,405921E-3;6,462516E-5
8,083333E-1;6,895733E-3;7,964730E-5
8,166666E-1;7,392447E-3;9,192755E-5
8,249999E-1;7,861499E-3;1,128343E-4
8,333333E-1;8,350908E-3;1,453700E-4
8,416666E-1;8,834783E-3;1,679421E-4
8,499999E-1;9,292615E-3;1,842587E-4
8,583333E-1;9,775258E-3;2,023751E-4
8,666666E-1;1,022644E-2;2,298335E-4
8,749999E-1;1,071505E-2;2,473324E-4
8,833333E-1;1,116391E-2;2,790084E-4
8,916666E-1;1,163603E-2;3,022840E-4
8,999999E-1;1,208410E-2;3,224872E-4
9,083333E-1;1,254420E-2;3,575471E-4
9,166666E-1;1,298500E-2;3,836594E-4
9,249999E-1;1,343748E-2;4,209589E-4
9,333333E-1;1,386476E-2;4,498113E-4
9,416666E-1;1,431229E-2;4,719897E-4
9,499999E-1;1,473534E-2;5,018515E-4
9,583333E-1;1,516822E-2;5,274205E-4
9,666666E-1;1,559662E-2;5,622663E-4
9,749999E-1;1,599523E-2;6,001463E-4
9,833333E-1;1,641961E-2;6,311244E-4
9,916666E-1;1,683789E-2;6,665377E-4
9,999999E-1;1,722997E-2;6,893333E-4
1,008333E0;1,763028E-2;7,208959E-4
1,016667E0;1,800802E-2;7,569349E-4
1,025000E0;1,839883E-2;7,830497E-4
1,033333E0;1,876389E-2;8,195777E-4
1,041667E0;1,913494E-2;8,446338E-4
1,050000E0;1,949117E-2;8,735449E-4
1,058333E0;1,985980E-2;9,083891E-4
1,066667E0;2,022179E-2;9,438185E-4
1,075000E0;2,055294E-2;9,682904E-4
1,083333E0;2,090299E-2;1,008942E-3
1,091667E0;2,124169E-2;1,042172E-3
1,100000E0;2,155431E-2;1,069594E-3
1,108333E0;2,188545E-2;1,102701E-3
1,116667E0;2,217251E-2;1,139961E-3
1,125000E0;2,249685E-2;1,161064E-3
1,133333E0;2,278044E-2;1,184716E-3
1,141667E0;2,307649E-2;1,216063E-3
1,150000E0;2,336006E-2;1,250381E-3
1,158333E0;2,362416E-2;1,280584E-3
1,166667E0;2,388087E-2;1,297667E-3
1,175000E0;2,414231E-2;1,327599E-3
1,183333E0;2,439967E-2;1,362497E-3
1,191667E0;2,463778E-2;1,385644E-3
1,200000E0;2,486736E-2;1,420369E-3
1,208333E0;2,509444E-2;1,450780E-3
1,216667E0;2,531564E-2;1,470926E-3
1,225000E0;2,551216E-2;1,498079E-3
1,233333E0;2,572397E-2;1,525046E-3
1,241667E0;2,591422E-2;1,540138E-3
1,250000E0;2,609501E-2;1,565884E-3
1,258333E0;2,626107E-2;1,594584E-3
1,266667E0;2,641461E-2;1,613826E-3
1,275000E0;2,657889E-2;1,633602E-3
1,283333E0;2,671016E-2;1,648568E-3
1,291667E0;2,683382E-2;1,667468E-3
1,300000E0;2,696738E-2;1,677715E-3
1,308333E0;2,707732E-2;1,699782E-3
1,316667E0;2,717653E-2;1,708819E-3
1,325000E0;2,727120E-2;1,711554E-3
1,333333E0;2,735467E-2;1,722537E-3
1,341667E0;2,743919E-2;1,723535E-3
1,350000E0;2,750882E-2;1,737675E-3
1,358333E0;2,757341E-2;1,745242E-3
1,366667E0;2,762303E-2;1,758950E-3
1,375000E0;2,766487E-2;1,760428E-3
1,383333E0;2,768916E-2;1,757938E-3
1,391667E0;2,770806E-2;1,757851E-3
1,400000E0;2,771453E-2;1,757872E-3
1,408333E0;2,770457E-2;1,759665E-3
1,416667E0;2,769327E-2;1,756563E-3
1,425000E0;2,767503E-2;1,755510E-3
1,433333E0;2,764585E-2;1,749982E-3
1,441667E0;2,760451E-2;1,746235E-3
1,450000E0;2,755492E-2;1,734770E-3
1,458333E0;2,748779E-2;1,736133E-3
1,466667E0;2,742084E-2;1,733676E-3
1,475000E0;2,734538E-2;1,726689E-3
1,483333E0;2,725979E-2;1,725528E-3
1,491667E0;2,716227E-2;1,720754E-3
1,500000E0;2,705897E-2;1,697510E-3
1,508333E0;2,695017E-2;1,687358E-3
1,516667E0;2,682596E-2;1,674752E-3
1,525000E0;2,669188E-2;1,658229E-3
1,533333E0;2,655558E-2;1,631491E-3
1,541667E0;2,640471E-2;1,620241E-3
1,550000E0;2,624320E-2;1,606856E-3
1,558333E0;2,608292E-2;1,581522E-3
1,566667E0;2,590248E-2;1,559955E-3
1,575000E0;2,571904E-2;1,533457E-3
1,583333E0;2,552041E-2;1,506254E-3
1,591667E0;2,532164E-2;1,475800E-3
1,600000E0;2,510663E-2;1,460313E-3
1,608333E0;2,487847E-2;1,438110E-3
1,616667E0;2,466506E-2;1,409103E-3
1,625000E0;2,442486E-2;1,378688E-3
1,633333E0;2,418212E-2;1,366396E-3
1,641667E0;2,392900E-2;1,334229E-3
1,650000E0;2,367355E-2;1,305849E-3
1,658333E0;2,339556E-2;1,288320E-3
1,666667E0;2,312400E-2;1,256012E-3
1,675000E0;2,283885E-2;1,221886E-3
1,683333E0;2,254011E-2;1,190167E-3
1,691667E0;2,225009E-2;1,158031E-3
1,700000E0;2,193207E-2;1,130098E-3
1,708333E0;2,162320E-2;1,091717E-3
1,716667E0;2,129597E-2;1,068023E-3
1,725000E0;2,097249E-2;1,036940E-3
1,733333E0;2,063344E-2;1,002795E-3
1,741667E0;2,028633E-2;9,658281E-4
1,750000E0;1,994434E-2;9,471808E-4
1,758333E0;1,958830E-2;9,098741E-4
1,766667E0;1,923712E-2;8,781182E-4
1,775000E0;1,886511E-2;8,497740E-4
1,783333E0;1,847922E-2;8,204332E-4
1,791667E0;1,811050E-2;7,849798E-4
1,800000E0;1,772106E-2;7,527232E-4
1,808333E0;1,734996E-2;7,291597E-4
1,816667E0;1,694496E-2;6,965478E-4
1,825000E0;1,652528E-2;6,615615E-4
1,833333E0;1,613526E-2;6,306365E-4
1,841667E0;1,571468E-2;5,956329E-4
1,850000E0;1,529724E-2;5,543837E-4
1,858333E0;1,488366E-2;5,234643E-4
1,866667E0;1,444449E-2;5,039016E-4
1,875000E0;1,402880E-2;4,659906E-4
1,883333E0;1,357680E-2;4,376899E-4
1,891667E0;1,315117E-2;4,142688E-4
1,900000E0;1,268979E-2;3,956154E-4
1,908333E0;1,226196E-2;3,495683E-4
1,916667E0;1,178992E-2;3,328656E-4
1,925000E0;1,134807E-2;3,080406E-4
1,933333E0;1,087504E-2;2,850291E-4
1,941667E0;1,042378E-2;2,621341E-4
1,950000E0;9,972707E-3;2,440483E-4
1,958333E0;9,486574E-3;2,219965E-4
1,966667E0;9,024999E-3;1,978031E-4
1,975000E0;8,530214E-3;1,825846E-4
1,983333E0;8,059219E-3;1,602104E-4
1,991667E0;7,572097E-3;1,367693E-4
2,000000E0;7,094516E-3;1,166164E-4
2,008333E0;6,620612E-3;9,982609E-5
2,016667E0;6,145313E-3;9,561346E-5
2,025000E0;5,665040E-3;8,724754E-5
2,033333E0;5,160079E-3;7,781023E-5
2,041667E0;4,677225E-3;5,810259E-5
2,050000E0;4,182700E-3;5,583132E-5
2,058333E0;3,700077E-3;4,550631E-5
2,066667E0;3,213059E-3;3,835758E-5
2,075000E0;2,713102E-3;3,704473E-5
2,083333E0;2,231232E-3;3,386885E-5
2,091667E0;1,731188E-3;3,602748E-5
2,100000E0;1,228985E-3;3,847749E-5
2,108333E0;7,353211E-4;4,012833E-5
2,116667E0;2,393859E-4;3,840656E-5
2,125000E0;-2,583530E-4;4,386147E-5
2,133333E0;-7,595708E-4;4,408926E-5
2,141667E0;-1,265677E-3;5,037823E-5
2,150000E0;-1,751776E-3;5,153719E-5
2,158333E0;-2,255396E-3;5,534810E-5
2,166667E0;-2,753968E-3;6,289535E-5
2,175000E0;-3,245999E-3;6,394950E-5
2,183333E0;-3,746459E-3;6,720780E-5
2,191667E0;-4,248015E-3;6,950416E-5
2,200000E0;-4,739300E-3;7,204669E-5
2,208333E0;-5,237915E-3;7,992572E-5
2,216667E0;-5,708770E-3;8,830887E-5
2,225000E0;-6,203946E-3;1,088179E-4
2,233333E0;-6,690559E-3;1,181846E-4
2,241667E0;-7,167407E-3;1,385912E-4
2,250000E0;-7,651655E-3;1,613752E-4
2,258333E0;-8,135703E-3;1,774243E-4
2,266667E0;-8,615269E-3;1,979586E-4
2,275000E0;-9,087694E-3;2,211066E-4
2,283333E0;-9,567333E-3;2,347323E-4
2,291667E0;-1,002792E-2;2,508921E-4
2,300000E0;-1,049471E-2;2,703195E-4
2,308333E0;-1,094625E-2;2,966624E-4
2,316667E0;-1,141054E-2;3,209869E-4
2,325000E0;-1,186726E-2;3,462218E-4
2,333333E0;-1,230549E-2;3,644400E-4
2,341667E0;-1,276660E-2;3,997941E-4
2,350000E0;-1,319243E-2;4,175773E-4
2,358333E0;-1,363359E-2;4,439035E-4
2,366667E0;-1,406556E-2;4,709291E-4
2,375000E0;-1,449880E-2;4,950675E-4
2,383333E0;-1,491578E-2;5,214454E-4
2,391667E0;-1,533843E-2;5,518316E-4
2,400000E0;-1,574179E-2;5,787770E-4
2,408333E0;-1,614031E-2;6,133419E-4
2,416667E0;-1,654443E-2;6,460803E-4
2,425000E0;-1,693347E-2;6,752155E-4
2,433333E0;-1,732454E-2;7,059734E-4
2,441667E0;-1,770710E-2;7,305465E-4
2,450000E0;-1,808463E-2;7,649372E-4
2,458333E0;-1,845533E-2;7,931595E-4
2,466667E0;-1,880563E-2;8,268223E-4
2,475000E0;-1,916664E-2;8,676744E-4
2,483333E0;-1,950793E-2;8,956633E-4
2,491667E0;-1,985403E-2;9,272344E-4
2,500000E0;-2,018209E-2;9,489103E-4
2,508333E0;-2,051394E-2;9,823278E-4
2,516666E0;-2,083134E-2;1,011339E-3
2,525000E0;-2,114161E-2;1,039576E-3
2,533333E0;-2,145144E-2;1,073120E-3
2,541666E0;-2,174366E-2;1,100548E-3
2,550000E0;-2,203457E-2;1,129103E-3
2,558333E0;-2,231420E-2;1,154932E-3
2,566666E0;-2,258418E-2;1,186385E-3
2,575000E0;-2,284531E-2;1,211370E-3
2,583333E0;-2,310069E-2;1,242196E-3
2,591666E0;-2,333817E-2;1,269675E-3
2,600000E0;-2,357679E-2;1,290618E-3
2,608333E0;-2,379501E-2;1,310528E-3
2,616666E0;-2,402048E-2;1,344592E-3
2,625000E0;-2,422707E-2;1,366212E-3
2,633333E0;-2,442668E-2;1,384268E-3
2,641666E0;-2,461583E-2;1,414703E-3
2,650000E0;-2,479554E-2;1,432130E-3
2,658333E0;-2,497184E-2;1,450776E-3
2,666666E0;-2,512827E-2;1,471219E-3
2,675000E0;-2,528265E-2;1,489812E-3
2,683333E0;-2,543120E-2;1,500076E-3
2,691666E0;-2,556070E-2;1,514511E-3
2,700000E0;-2,568811E-2;1,531226E-3
2,708333E0;-2,580987E-2;1,547795E-3
2,716666E0;-2,591894E-2;1,555718E-3
2,725000E0;-2,601679E-2;1,557135E-3
2,733333E0;-2,610960E-2;1,558777E-3
2,741666E0;-2,617918E-2;1,574482E-3
2,750000E0;-2,624715E-2;1,587814E-3
2,758333E0;-2,630415E-2;1,597494E-3
2,766666E0;-2,634987E-2;1,599877E-3
2,775000E0;-2,638873E-2;1,599451E-3
2,783333E0;-2,642021E-2;1,607913E-3
2,791666E0;-2,643634E-2;1,600111E-3
2,800000E0;-2,644925E-2;1,600184E-3
2,808333E0;-2,645192E-2;1,598033E-3
2,816666E0;-2,644409E-2;1,596084E-3
2,825000E0;-2,642996E-2;1,589819E-3
2,833333E0;-2,640072E-2;1,589964E-3
2,841666E0;-2,635995E-2;1,590360E-3
2,850000E0;-2,631138E-2;1,591030E-3
2,858333E0;-2,624977E-2;1,588382E-3
2,866666E0;-2,617847E-2;1,578744E-3
2,875000E0;-2,610471E-2;1,572152E-3
2,883333E0;-2,602365E-2;1,572421E-3
2,891666E0;-2,592551E-2;1,571699E-3
2,900000E0;-2,582820E-2;1,565666E-3
2,908333E0;-2,571373E-2;1,543958E-3
2,916666E0;-2,559396E-2;1,526685E-3
2,925000E0;-2,546542E-2;1,521998E-3
2,933333E0;-2,532540E-2;1,503171E-3
2,941666E0;-2,518405E-2;1,482884E-3
2,950000E0;-2,501943E-2;1,468103E-3
2,958333E0;-2,486050E-2;1,453986E-3
2,966666E0;-2,468833E-2;1,423333E-3
2,975000E0;-2,450785E-2;1,411560E-3
2,983333E0;-2,432055E-2;1,390314E-3
2,991666E0;-2,411461E-2;1,365023E-3
3,000000E0;-2,391135E-2;1,350729E-3
3,008333E0;-2,369394E-2;1,321975E-3
3,016666E0;-2,347232E-2;1,300094E-3
3,025000E0;-2,323530E-2;1,270676E-3
3,033333E0;-2,300448E-2;1,246833E-3
3,041666E0;-2,274561E-2;1,213007E-3
3,050000E0;-2,249497E-2;1,190875E-3
3,058333E0;-2,222391E-2;1,158118E-3
3,066666E0;-2,195485E-2;1,134007E-3
3,075000E0;-2,167246E-2;1,103928E-3
3,083333E0;-2,138821E-2;1,078545E-3
3,091666E0;-2,109014E-2;1,045851E-3
3,100000E0;-2,079295E-2;1,019256E-3
3,108333E0;-2,047890E-2;9,862177E-4
3,116666E0;-2,016233E-2;9,642833E-4
3,125000E0;-1,984506E-2;9,275569E-4
3,133333E0;-1,950324E-2;8,954371E-4
3,141666E0;-1,917096E-2;8,750468E-4
3,150000E0;-1,882068E-2;8,343523E-4
3,158333E0;-1,847056E-2;8,083976E-4
3,166666E0;-1,811549E-2;7,683512E-4
3,175000E0;-1,775052E-2;7,338293E-4
3,183333E0;-1,738245E-2;7,060961E-4
3,191666E0;-1,701147E-2;6,757483E-4
3,200000E0;-1,663046E-2;6,537655E-4
3,208333E0;-1,623259E-2;6,189504E-4
3,216666E0;-1,584985E-2;5,914100E-4
3,225000E0;-1,544580E-2;5,620516E-4
3,233333E0;-1,504494E-2;5,337600E-4
3,241666E0;-1,464357E-2;5,067672E-4
3,250000E0;-1,421874E-2;4,736626E-4
3,258333E0;-1,379971E-2;4,545833E-4
3,266666E0;-1,336981E-2;4,337397E-4
3,275000E0;-1,294470E-2;4,042491E-4
3,283333E0;-1,251960E-2;3,754958E-4
3,291666E0;-1,207178E-2;3,517617E-4
3,300000E0;-1,163644E-2;3,283293E-4
3,308333E0;-1,117943E-2;3,087811E-4
3,316666E0;-1,073279E-2;2,836636E-4
3,325000E0;-1,027381E-2;2,651328E-4
3,333333E0;-9,819364E-3;2,413364E-4
3,341666E0;-9,356914E-3;2,155509E-4
3,350000E0;-8,886814E-3;1,995642E-4
3,358333E0;-8,425260E-3;1,813885E-4
3,366666E0;-7,944956E-3;1,563618E-4
3,375000E0;-7,482466E-3;1,294177E-4
3,383333E0;-7,004255E-3;1,158490E-4
3,391666E0;-6,526832E-3;1,008678E-4
3,400000E0;-6,039873E-3;9,407477E-5
3,408333E0;-5,544579E-3;9,006695E-5
3,416666E0;-5,075262E-3;8,104501E-5
3,425000E0;-4,581952E-3;6,209096E-5
3,433333E0;-4,089660E-3;5,168564E-5
3,441666E0;-3,608291E-3;4,672789E-5
3,450000E0;-3,099417E-3;4,159037E-5
3,458333E0;-2,607253E-3;3,752313E-5
3,466666E0;-2,117742E-3;3,851158E-5
3,475000E0;-1,619018E-3;3,193322E-5
3,483333E0;-1,120444E-3;3,820388E-5
3,491666E0;-6,107685E-4;3,403134E-5
3,500000E0;-1,206469E-4;3,594443E-5
3,508333E0;3,764138E-4;4,233981E-5
3,516666E0;8,805645E-4;3,853664E-5
3,525000E0;1,370607E-3;4,556786E-5
3,533333E0;1,877070E-3;4,491775E-5
3,541666E0;2,370888E-3;5,462786E-5
3,550000E0;2,867195E-3;5,301433E-5
3,558333E0;3,364238E-3;5,507945E-5
3,566666E0;3,856670E-3;6,767304E-5
3,575000E0;4,343132E-3;7,154445E-5
3,583333E0;4,840249E-3;7,196809E-5
3,591666E0;5,331073E-3;7,336536E-5
3,600000E0;5,808268E-3;7,432827E-5
3,608333E0;6,310174E-3;9,456557E-5
3,616666E0;6,797782E-3;1,066738E-4
3,625000E0;7,269364E-3;1,199027E-4
3,633333E0;7,747521E-3;1,314611E-4
3,641666E0;8,246125E-3;1,561287E-4
3,650000E0;8,716052E-3;1,690854E-4
3,658333E0;9,209008E-3;1,953947E-4
3,666666E0;9,667398E-3;2,177450E-4
3,675000E0;1,012987E-2;2,334204E-4
3,683333E0;1,061041E-2;2,503112E-4
3,691666E0;1,106797E-2;2,814346E-4
3,700000E0;1,153486E-2;3,077445E-4
3,708333E0;1,198591E-2;3,279367E-4
3,716666E0;1,244811E-2;3,552135E-4
3,725000E0;1,288832E-2;3,844100E-4
3,733333E0;1,333549E-2;4,170860E-4
3,741666E0;1,376960E-2;4,429173E-4
3,750000E0;1,420950E-2;4,661401E-4
3,758333E0;1,462977E-2;4,949394E-4
3,766666E0;1,505775E-2;5,216808E-4
3,775000E0;1,546967E-2;5,465823E-4
3,783333E0;1,588961E-2;5,834476E-4
3,791666E0;1,630574E-2;6,220755E-4
3,800000E0;1,670050E-2;6,462236E-4
3,808333E0;1,710279E-2;6,786061E-4
3,816666E0;1,747693E-2;7,132284E-4
3,825000E0;1,787610E-2;7,448770E-4
3,833333E0;1,824832E-2;7,717049E-4
3,841666E0;1,862521E-2;8,053590E-4
3,850000E0;1,900345E-2;8,425863E-4
3,858333E0;1,935535E-2;8,642740E-4
3,866666E0;1,971602E-2;8,898906E-4
3,875000E0;2,006377E-2;9,377264E-4
3,883333E0;2,038802E-2;9,627694E-4
3,891666E0;2,072772E-2;9,918771E-4
3,900000E0;2,103342E-2;1,028277E-3
3,908333E0;2,135562E-2;1,057786E-3
3,916666E0;2,164705E-2;1,088285E-3
3,925000E0;2,196224E-2;1,116552E-3
3,933333E0;2,225083E-2;1,142081E-3
3,941666E0;2,254005E-2;1,169666E-3
3,950000E0;2,282474E-2;1,196383E-3
3,958333E0;2,308472E-2;1,231557E-3
3,966666E0;2,335316E-2;1,257632E-3
3,975000E0;2,360288E-2;1,286372E-3
3,983333E0;2,385399E-2;1,307633E-3
3,991666E0;2,408288E-2;1,342011E-3
4,000000E0;2,431775E-2;1,359933E-3
4,008333E0;2,452809E-2;1,389470E-3
4,016666E0;2,473334E-2;1,399605E-3
4,025000E0;2,494003E-2;1,428380E-3
4,033333E0;2,513404E-2;1,458108E-3
4,041666E0;2,532889E-2;1,467728E-3
4,050000E0;2,549677E-2;1,496949E-3
4,058333E0;2,566509E-2;1,507539E-3
4,066666E0;2,583210E-2;1,520321E-3
4,075000E0;2,597963E-2;1,554279E-3
4,083333E0;2,612518E-2;1,557703E-3
4,091666E0;2,625904E-2;1,574168E-3
4,100000E0;2,637916E-2;1,591467E-3
4,108333E0;2,649093E-2;1,604020E-3
4,116666E0;2,659413E-2;1,611905E-3
4,125000E0;2,668891E-2;1,618117E-3
4,133333E0;2,678270E-2;1,623165E-3
4,141666E0;2,686056E-2;1,646471E-3
4,150000E0;2,692928E-2;1,655759E-3
4,158333E0;2,699663E-2;1,659515E-3
4,166666E0;2,705120E-2;1,664725E-3
4,175000E0;2,709549E-2;1,668672E-3
4,183333E0;2,713130E-2;1,665195E-3
4,191666E0;2,715395E-2;1,667383E-3
4,200000E0;2,716881E-2;1,662534E-3
4,208333E0;2,717701E-2;1,658129E-3
4,216666E0;2,717237E-2;1,656908E-3
4,225000E0;2,716003E-2;1,657239E-3
4,233333E0;2,714626E-2;1,652871E-3
4,241666E0;2,712288E-2;1,651776E-3
4,250000E0;2,708564E-2;1,648812E-3
4,258333E0;2,704445E-2;1,646268E-3
4,266666E0;2,699392E-2;1,642253E-3
4,275000E0;2,693225E-2;1,643380E-3
4,283333E0;2,686654E-2;1,634714E-3
4,291666E0;2,678285E-2;1,628795E-3
4,300000E0;2,669215E-2;1,625203E-3
4,308333E0;2,659015E-2;1,612834E-3
4,316666E0;2,647693E-2;1,594773E-3
4,325000E0;2,636130E-2;1,578184E-3
4,333333E0;2,623921E-2;1,573142E-3
4,341666E0;2,610751E-2;1,560237E-3
4,350000E0;2,596421E-2;1,539606E-3
4,358333E0;2,581082E-2;1,519864E-3
4,366666E0;2,564615E-2;1,506719E-3
4,375000E0;2,547137E-2;1,489031E-3
4,383333E0;2,530009E-2;1,473223E-3
4,391666E0;2,511716E-2;1,446993E-3
4,400000E0;2,492331E-2;1,430032E-3
4,408333E0;2,471943E-2;1,400065E-3
4,416666E0;2,451648E-2;1,374778E-3
4,425000E0;2,430126E-2;1,357827E-3
4,433333E0;2,407385E-2;1,341280E-3
4,441666E0;2,384980E-2;1,307879E-3
4,450000E0;2,359540E-2;1,292979E-3
4,458333E0;2,335820E-2;1,258798E-3
4,466666E0;2,309277E-2;1,227753E-3
4,475000E0;2,283224E-2;1,199904E-3
4,483333E0;2,255310E-2;1,171018E-3
4,491666E0;2,226340E-2;1,135000E-3
4,500000E0;2,198390E-2;1,109224E-3
4,508333E0;2,168284E-2;1,080695E-3
4,516666E0;2,138751E-2;1,054891E-3
4,525000E0;2,107263E-2;1,020927E-3
4,533333E0;2,075236E-2;9,800098E-4
4,541666E0;2,044136E-2;9,535386E-4
4,550000E0;2,010170E-2;9,241703E-4
4,558333E0;1,977621E-2;8,830437E-4
4,566666E0;1,942352E-2;8,640714E-4
4,575000E0;1,907791E-2;8,387070E-4
4,583333E0;1,871806E-2;8,052290E-4
4,591666E0;1,834129E-2;7,660041E-4
4,600000E0;1,797664E-2;7,332038E-4
4,608333E0;1,759658E-2;7,021896E-4
4,616666E0;1,722267E-2;6,787162E-4
4,625000E0;1,682218E-2;6,534640E-4
4,633333E0;1,644743E-2;6,256968E-4
4,641666E0;1,604146E-2;5,950677E-4
4,650000E0;1,563093E-2;5,533889E-4
4,658333E0;1,522419E-2;5,245160E-4
4,666666E0;1,481791E-2;5,106883E-4
4,675000E0;1,439140E-2;4,863022E-4
4,683333E0;1,396091E-2;4,529571E-4
4,691666E0;1,354270E-2;4,231740E-4
4,700000E0;1,312289E-2;4,054495E-4
4,708333E0;1,267105E-2;3,725382E-4
4,716666E0;1,221219E-2;3,449687E-4
4,725000E0;1,178389E-2;3,143994E-4
4,733333E0;1,134147E-2;3,024717E-4
4,741666E0;1,086347E-2;2,832792E-4
4,750000E0;1,041787E-2;2,601914E-4
4,758333E0;9,938510E-3;2,399545E-4
4,766666E0;9,486277E-3;2,141671E-4
4,775000E0;9,030504E-3;1,987672E-4
4,783333E0;8,531755E-3;1,801479E-4
4,791666E0;8,062695E-3;1,583670E-4
4,800000E0;7,573722E-3;1,362004E-4
4,808333E0;7,101058E-3;1,173584E-4
4,816666E0;6,622245E-3;1,023270E-4
4,825000E0;6,145382E-3;9,343451E-5
4,833333E0;5,664437E-3;8,900884E-5
4,841666E0;5,163632E-3;7,422845E-5
4,850000E0;4,673856E-3;6,108999E-5
4,858333E0;4,185206E-3;4,746417E-5
4,866666E0;3,698899E-3;3,824564E-5
4,875000E0;3,190398E-3;3,059880E-5
4,883333E0;2,688406E-3;2,148937E-5
4,891666E0;2,210919E-3;1,060182E-5
4,900000E0;1,711575E-3;5,088420E-6
4,908333E0;1,220795E-3;5,743067E-6
4,916666E0;7,245154E-4;1,342893E-6
4,925000E0;2,223996E-4;1,613822E-6
4,933333E0;-2,761531E-4;5,414144E-6
4,941666E0;-7,722158E-4;5,375352E-6
4,950000E0;-1,265417E-3;6,264752E-6
4,958333E0;-1,760648E-3;7,025612E-6
4,966666E0;-2,265336E-3;1,230337E-5
4,975000E0;-2,766945E-3;1,438262E-5
4,983333E0;-3,265868E-3;1,594538E-5
4,991666E0;-3,757703E-3;2,544420E-5
5,000000E0;-4,249362E-3;2,487512E-5
5,008333E0;-4,744971E-3;2,739643E-5
5,016666E0;-5,218309E-3;3,184178E-5
5,025000E0;-5,706772E-3;5,898128E-5
5,033333E0;-6,197211E-3;7,516470E-5
5,041666E0;-6,666340E-3;8,925896E-5
5,050000E0;-7,140894E-3;1,087341E-4
5,058333E0;-7,623407E-3;1,237033E-4
5,066666E0;-8,086752E-3;1,445281E-4
5,075000E0;-8,550158E-3;1,667655E-4
5,083333E0;-9,018865E-3;1,905926E-4
5,091666E0;-9,485922E-3;2,175023E-4
5,100000E0;-9,939474E-3;2,338629E-4
5,108333E0;-1,038088E-2;2,572132E-4
5,116666E0;-1,083766E-2;2,790636E-4
5,125000E0;-1,128307E-2;3,001801E-4
5,133333E0;-1,173058E-2;3,204946E-4
5,141666E0;-1,216311E-2;3,509582E-4
5,150000E0;-1,260708E-2;3,852041E-4
5,158333E0;-1,303002E-2;4,112612E-4
5,166666E0;-1,345616E-2;4,358984E-4
5,175000E0;-1,387432E-2;4,632336E-4
5,183333E0;-1,429695E-2;4,905572E-4
5,191666E0;-1,469250E-2;5,141235E-4
5,200000E0;-1,510552E-2;5,427690E-4
5,208333E0;-1,550490E-2;5,751974E-4
5,216666E0;-1,589986E-2;6,008720E-4
5,225000E0;-1,627976E-2;6,330859E-4
5,233333E0;-1,667339E-2;6,626758E-4
5,241666E0;-1,703606E-2;6,891685E-4
5,250000E0;-1,740957E-2;7,148420E-4
5,258333E0;-1,776763E-2;7,378225E-4
5,266666E0;-1,812339E-2;7,646900E-4
5,275000E0;-1,847477E-2;8,002911E-4
5,283333E0;-1,881128E-2;8,288215E-4
5,291666E0;-1,915128E-2;8,573347E-4
5,300000E0;-1,947672E-2;8,880995E-4
5,308333E0;-1,979719E-2;9,150819E-4
5,316666E0;-2,010364E-2;9,365353E-4
5,325000E0;-2,041326E-2;9,750953E-4
5,333333E0;-2,071451E-2;9,992715E-4
5,341666E0;-2,099829E-2;1,038931E-3
5,350000E0;-2,128330E-2;1,064799E-3
5,358333E0;-2,156263E-2;1,086747E-3
5,366666E0;-2,182875E-2;1,106875E-3
5,375000E0;-2,209545E-2;1,134470E-3
5,383333E0;-2,234970E-2;1,157263E-3
5,391666E0;-2,259847E-2;1,183443E-3
5,400000E0;-2,283807E-2;1,201851E-3
5,408333E0;-2,306747E-2;1,233360E-3
5,416666E0;-2,327925E-2;1,259035E-3
5,425000E0;-2,349101E-2;1,284009E-3
5,433333E0;-2,369225E-2;1,302837E-3
5,441666E0;-2,388816E-2;1,324992E-3
5,450000E0;-2,408272E-2;1,347377E-3
5,458333E0;-2,424786E-2;1,369965E-3
5,466666E0;-2,442145E-2;1,383678E-3
5,475000E0;-2,458909E-2;1,401478E-3
5,483333E0;-2,473647E-2;1,414102E-3
5,491666E0;-2,488147E-2;1,441315E-3
5,500000E0;-2,501513E-2;1,450749E-3
5,508333E0;-2,513464E-2;1,468223E-3
5,516666E0;-2,525126E-2;1,485297E-3
5,525000E0;-2,535366E-2;1,499328E-3
5,533333E0;-2,545130E-2;1,504097E-3
5,541666E0;-2,554279E-2;1,505756E-3
5,550000E0;-2,561985E-2;1,512947E-3
5,558333E0;-2,568772E-2;1,523196E-3
5,566666E0;-2,575558E-2;1,536472E-3
5,575000E0;-2,581153E-2;1,540262E-3
5,583333E0;-2,585924E-2;1,545588E-3
5,591666E0;-2,589643E-2;1,547077E-3
5,600000E0;-2,592553E-2;1,550055E-3
5,608333E0;-2,594205E-2;1,551865E-3
5,616666E0;-2,593922E-2;1,554218E-3
5,625000E0;-2,593555E-2;1,550365E-3
5,633333E0;-2,592199E-2;1,546219E-3
5,641666E0;-2,590713E-2;1,541827E-3
5,650000E0;-2,588076E-2;1,542903E-3
5,658333E0;-2,583998E-2;1,533115E-3
5,666666E0;-2,579535E-2;1,531948E-3
5,675000E0;-2,574087E-2;1,528897E-3
5,683333E0;-2,567735E-2;1,531674E-3
5,691666E0;-2,559736E-2;1,519757E-3
5,700000E0;-2,551324E-2;1,522940E-3
5,708333E0;-2,542461E-2;1,507659E-3
5,716666E0;-2,532415E-2;1,488741E-3
5,725000E0;-2,521472E-2;1,474943E-3
5,733333E0;-2,509422E-2;1,471651E-3
5,741666E0;-2,496995E-2;1,459045E-3
5,750000E0;-2,482463E-2;1,434934E-3
5,758333E0;-2,467618E-2;1,413943E-3
5,766666E0;-2,453158E-2;1,403081E-3
5,775000E0;-2,436541E-2;1,377629E-3
5,783333E0;-2,419052E-2;1,364574E-3
5,791666E0;-2,400688E-2;1,344960E-3
5,800000E0;-2,381535E-2;1,322701E-3
5,808333E0;-2,360824E-2;1,308297E-3
5,816666E0;-2,340230E-2;1,289887E-3
5,825000E0;-2,317977E-2;1,258563E-3
5,833333E0;-2,295916E-2;1,237100E-3
5,841666E0;-2,272520E-2;1,205866E-3
5,850000E0;-2,248845E-2;1,184253E-3
5,858333E0;-2,223795E-2;1,163883E-3
5,866666E0;-2,198180E-2;1,128789E-3
5,875000E0;-2,171139E-2;1,102738E-3
5,883333E0;-2,144912E-2;1,077459E-3
5,891666E0;-2,116319E-2;1,052765E-3
5,900000E0;-2,087874E-2;1,025022E-3
5,908333E0;-2,057998E-2;9,944097E-4
5,916666E0;-2,027765E-2;9,647256E-4
5,925000E0;-1,995621E-2;9,395594E-4
5,933333E0;-1,963556E-2;9,129305E-4
5,941666E0;-1,930135E-2;8,857708E-4
5,950000E0;-1,897549E-2;8,569964E-4
5,958333E0;-1,863691E-2;8,327299E-4
5,966666E0;-1,829263E-2;8,002299E-4
5,975000E0;-1,793766E-2;7,654559E-4
5,983333E0;-1,757282E-2;7,331582E-4
5,991666E0;-1,720849E-2;7,124379E-4
6,000000E0;-1,682585E-2;6,777731E-4
6,008333E0;-1,644589E-2;6,496955E-4
6,016666E0;-1,605246E-2;6,192110E-4
6,025000E0;-1,567395E-2;5,957268E-4
6,033333E0;-1,527436E-2;5,580582E-4
6,041666E0;-1,486857E-2;5,247182E-4
6,050000E0;-1,446900E-2;5,047393E-4
6,058333E0;-1,404336E-2;4,719521E-4
6,066666E0;-1,363518E-2;4,486123E-4
6,075000E0;-1,321040E-2;4,195384E-4
6,083333E0;-1,279267E-2;3,952662E-4
6,091666E0;-1,234635E-2;3,615886E-4
6,100000E0;-1,191947E-2;3,412020E-4
6,108333E0;-1,146830E-2;3,108506E-4
6,116666E0;-1,102897E-2;2,893749E-4
6,125000E0;-1,057605E-2;2,668084E-4
6,133333E0;-1,011522E-2;2,501110E-4
6,141666E0;-9,664971E-3;2,316023E-4
6,150000E0;-9,196323E-3;2,018515E-4
6,158333E0;-8,728522E-3;1,954523E-4
6,166666E0;-8,268851E-3;1,727310E-4
6,175000E0;-7,788843E-3;1,504058E-4
6,183333E0;-7,324745E-3;1,297682E-4
6,191666E0;-6,852806E-3;1,071090E-4
6,200000E0;-6,364978E-3;9,694617E-5
6,208333E0;-5,886436E-3;9,568081E-5
6,216666E0;-5,395071E-3;8,683762E-5
6,225000E0;-4,928805E-3;7,728695E-5
6,233333E0;-4,433691E-3;6,092897E-5
6,241666E0;-3,951355E-3;5,058296E-5
6,250000E0;-3,461771E-3;4,094493E-5
6,258333E0;-2,968422E-3;4,667154E-5
6,266666E0;-2,474273E-3;3,351824E-5
6,275000E0;-1,995028E-3;3,332719E-5
6,283333E0;-1,512063E-3;2,889281E-5
6,291666E0;-1,021619E-3;2,370955E-5
6,300000E0;-5,249460E-4;1,725349E-5
6,308333E0;-4,094861E-5;1,245330E-5
6,316666E0;4,509253E-4;9,688807E-6
6,325000E0;9,415684E-4;1,335636E-5
6,333333E0;1,434336E-3;1,092404E-5
6,341666E0;1,927393E-3;1,245581E-5
6,350000E0;2,405824E-3;1,164721E-5
6,358333E0;2,887754E-3;1,454529E-5
6,366666E0;3,375091E-3;2,283478E-5
6,375000E0;3,860269E-3;2,270597E-5
6,383333E0;4,341255E-3;2,885434E-5
6,391666E0;4,826026E-3;3,029338E-5
6,400000E0;5,324011E-3;3,211614E-5
6,408333E0;5,794395E-3;5,916616E-5
6,416666E0;6,276625E-3;7,126981E-5
6,425000E0;6,738999E-3;7,911272E-5
6,433333E0;7,227337E-3;9,480343E-5
6,441666E0;7,687481E-3;1,153254E-4
6,450000E0;8,168149E-3;1,388899E-4
6,458333E0;8,631786E-3;1,612960E-4
6,466666E0;9,091665E-3;1,826098E-4
6,475000E0;9,566332E-3;1,989464E-4
6,483333E0;1,001567E-2;2,222806E-4
6,491666E0;1,048286E-2;2,485653E-4
6,500000E0;1,092715E-2;2,700259E-4
6,508333E0;1,135571E-2;2,864543E-4
6,516666E0;1,181850E-2;3,093649E-4
6,525000E0;1,223649E-2;3,382092E-4
6,533333E0;1,269056E-2;3,639668E-4
6,541666E0;1,311412E-2;3,959120E-4
6,550000E0;1,355722E-2;4,202998E-4
6,558333E0;1,396635E-2;4,424700E-4
6,566666E0;1,439387E-2;4,722158E-4
6,575000E0;1,479692E-2;4,918546E-4
6,583333E0;1,521384E-2;5,221567E-4
6,591666E0;1,560202E-2;5,536139E-4
6,600000E0;1,601065E-2;5,835631E-4
6,608333E0;1,641151E-2;6,175434E-4
6,616666E0;1,678822E-2;6,459754E-4
6,625000E0;1,717265E-2;6,768878E-4
6,633333E0;1,752907E-2;7,109261E-4
6,641666E0;1,790862E-2;7,324399E-4
6,650000E0;1,825742E-2;7,593520E-4
6,658333E0;1,862229E-2;7,953161E-4
6,666666E0;1,896690E-2;8,223177E-4
6,675000E0;1,931456E-2;8,538723E-4
6,683333E0;1,966617E-2;8,795383E-4
6,691666E0;1,998036E-2;9,114069E-4
6,700000E0;2,031428E-2;9,482224E-4
6,708333E0;2,062182E-2;9,690680E-4
6,716666E0;2,093426E-2;9,989188E-4
6,725000E0;2,124611E-2;1,037731E-3
6,733333E0;2,153350E-2;1,072574E-3
6,741666E0;2,181192E-2;1,088816E-3
6,750000E0;2,211085E-2;1,126154E-3
6,758333E0;2,239146E-2;1,152547E-3
6,766666E0;2,264940E-2;1,172900E-3
6,775000E0;2,292086E-2;1,203399E-3
6,783333E0;2,316924E-2;1,235835E-3
6,791666E0;2,342031E-2;1,255629E-3
6,800000E0;2,364687E-2;1,290215E-3
6,808333E0;2,388452E-2;1,304795E-3
6,816666E0;2,409469E-2;1,340848E-3
6,825000E0;2,431658E-2;1,356985E-3
6,833333E0;2,451295E-2;1,385598E-3
6,841666E0;2,470378E-2;1,406631E-3
6,850000E0;2,490579E-2;1,419096E-3
6,858333E0;2,507791E-2;1,447740E-3
6,866666E0;2,525754E-2;1,466453E-3
6,875000E0;2,541700E-2;1,487336E-3
6,883333E0;2,556998E-2;1,503541E-3
6,891666E0;2,571810E-2;1,524092E-3
6,900000E0;2,586009E-2;1,539366E-3
6,908333E0;2,598105E-2;1,561842E-3
6,916666E0;2,610395E-2;1,565194E-3
6,925000E0;2,621501E-2;1,575467E-3
6,933333E0;2,631793E-2;1,590622E-3
6,941666E0;2,640984E-2;1,600380E-3
6,950000E0;2,649371E-2;1,605740E-3
6,958333E0;2,656770E-2;1,611517E-3
6,966666E0;2,663704E-2;1,612447E-3
6,975000E0;2,669138E-2;1,616386E-3
6,983333E0;2,674569E-2;1,620239E-3
6,991666E0;2,678591E-2;1,628882E-3
7,000000E0;2,681949E-2;1,642566E-3
7,008333E0;2,684824E-2;1,644908E-3
7,016666E0;2,685685E-2;1,648536E-3
7,025000E0;2,685514E-2;1,649183E-3
7,033333E0;2,685079E-2;1,651207E-3
7,041666E0;2,683855E-2;1,647937E-3
7,050000E0;2,681786E-2;1,642359E-3
7,058333E0;2,677879E-2;1,641621E-3
7,066666E0;2,673875E-2;1,640059E-3
7,075000E0;2,669145E-2;1,633017E-3
7,083333E0;2,663150E-2;1,632289E-3
7,091666E0;2,656545E-2;1,625841E-3
7,100000E0;2,648506E-2;1,616412E-3
7,108333E0;2,639648E-2;1,611726E-3
7,116666E0;2,631307E-2;1,586735E-3
7,125000E0;2,620758E-2;1,587681E-3
7,133333E0;2,609542E-2;1,571932E-3
7,141666E0;2,598367E-2;1,571291E-3
7,150000E0;2,584919E-2;1,555984E-3
7,158333E0;2,571397E-2;1,542195E-3
7,166666E0;2,556821E-2;1,520740E-3
7,175000E0;2,541116E-2;1,504813E-3
7,183333E0;2,524229E-2;1,486776E-3
7,191666E0;2,507831E-2;1,465772E-3
7,200000E0;2,489427E-2;1,436606E-3
7,208333E0;2,470446E-2;1,419469E-3
7,216666E0;2,450300E-2;1,398722E-3
7,225000E0;2,429696E-2;1,376577E-3
7,233333E0;2,408938E-2;1,355449E-3
7,241666E0;2,385870E-2;1,338331E-3
7,250000E0;2,363989E-2;1,302376E-3
7,258333E0;2,337947E-2;1,292165E-3
7,266666E0;2,314603E-2;1,255689E-3
7,275000E0;2,288502E-2;1,226076E-3
7,283333E0;2,260651E-2;1,192745E-3
7,291666E0;2,234838E-2;1,166044E-3
7,300000E0;2,206051E-2;1,141189E-3
7,308333E0;2,178142E-2;1,098362E-3
7,316666E0;2,147095E-2;1,075120E-3
7,325000E0;2,118077E-2;1,051720E-3
7,333333E0;2,085936E-2;1,019617E-3
7,341666E0;2,053440E-2;9,808934E-4
7,350000E0;2,022712E-2;9,484374E-4
7,358333E0;1,988971E-2;9,250402E-4
7,366666E0;1,956662E-2;8,873182E-4
7,375000E0;1,921045E-2;8,653720E-4
7,383333E0;1,887358E-2;8,297782E-4
7,391666E0;1,850200E-2;7,912680E-4
7,400000E0;1,812901E-2;7,617554E-4
7,408333E0;1,777120E-2;7,401699E-4
7,416666E0;1,738473E-2;7,028661E-4
7,425000E0;1,701955E-2;6,713657E-4
7,433333E0;1,662169E-2;6,452329E-4
7,441666E0;1,624167E-2;6,253417E-4
7,450000E0;1,584150E-2;5,916667E-4
7,458333E0;1,543081E-2;5,466066E-4
7,466666E0;1,503306E-2;5,269210E-4
7,475000E0;1,461015E-2;5,032221E-4
7,483333E0;1,421053E-2;4,709663E-4
7,491666E0;1,377032E-2;4,431452E-4
7,499999E0;1,335702E-2;4,157688E-4
7,508333E0;1,291537E-2;3,971608E-4
7,516666E0;1,249478E-2;3,636888E-4
7,524999E0;1,204586E-2;3,324529E-4
7,533333E0;1,160864E-2;3,074879E-4
7,541666E0;1,115157E-2;2,858556E-4
7,549999E0;1,070463E-2;2,659799E-4
7,558333E0;1,026829E-2;2,543804E-4
7,566666E0;9,797689E-3;2,331096E-4
7,574999E0;9,351397E-3;2,081005E-4
7,583333E0;8,865519E-3;1,829184E-4
7,591666E0;8,420736E-3;1,661239E-4
7,599999E0;7,956879E-3;1,456143E-4
7,608333E0;7,472309E-3;1,291468E-4
7,616666E0;7,004169E-3;1,078018E-4
7,624999E0;6,542489E-3;9,482114E-5
7,633333E0;6,045405E-3;8,355790E-5
7,641666E0;5,568976E-3;6,930781E-5
7,649999E0;5,102865E-3;6,110649E-5
7,658333E0;4,625897E-3;4,937005E-5
7,666666E0;4,150232E-3;4,433830E-5
7,674999E0;3,671691E-3;3,609089E-5
7,683333E0;3,191701E-3;3,997173E-5
7,691666E0;2,697157E-3;2,480696E-5
7,699999E0;2,221035E-3;1,439229E-5
7,708333E0;1,744521E-3;7,529801E-6
7,716666E0;1,255235E-3;2,774089E-6
7,724999E0;7,657648E-4;-7,141062E-7
7,733333E0;2,806835E-4;4,524485E-6
7,741666E0;-2,038719E-4;3,295462E-6
7,749999E0;-6,773194E-4;4,223555E-6
7,758333E0;-1,168776E-3;9,917351E-6
7,766666E0;-1,651806E-3;1,021086E-5
7,774999E0;-2,121695E-3;1,118989E-5
7,783333E0;-2,610396E-3;1,057290E-5
7,791666E0;-3,095747E-3;1,613673E-5
7,799999E0;-3,574202E-3;1,934606E-5
7,808333E0;-4,064682E-3;2,399191E-5
7,816666E0;-4,539643E-3;2,859669E-5
7,824999E0;-4,991594E-3;3,356776E-5
7,833333E0;-5,478821E-3;5,107244E-5
7,841666E0;-5,959297E-3;6,851081E-5
7,849999E0;-6,433310E-3;7,825005E-5
7,858333E0;-6,887510E-3;9,507951E-5
7,866666E0;-7,347379E-3;1,123397E-4
7,874999E0;-7,823481E-3;1,324560E-4
7,883333E0;-8,265325E-3;1,513128E-4
7,891666E0;-8,721698E-3;1,735469E-4
7,899999E0;-9,171699E-3;1,857039E-4
7,908333E0;-9,622744E-3;2,070832E-4
7,916666E0;-1,007460E-2;2,293148E-4
7,924999E0;-1,050876E-2;2,443118E-4
7,933333E0;-1,095482E-2;2,744392E-4
7,941666E0;-1,140287E-2;2,899183E-4
7,949999E0;-1,182137E-2;3,092365E-4
7,958333E0;-1,225651E-2;3,358215E-4
7,966666E0;-1,267269E-2;3,615835E-4
7,974999E0;-1,309958E-2;3,914622E-4
7,983333E0;-1,351472E-2;4,150041E-4
7,991666E0;-1,392989E-2;4,469284E-4
7,999999E0;-1,432269E-2;4,657879E-4
8,008333E0;-1,473210E-2;4,917970E-4
8,016666E0;-1,512358E-2;5,220121E-4
8,024999E0;-1,552085E-2;5,503759E-4
8,033333E0;-1,590075E-2;5,776110E-4
8,041666E0;-1,628728E-2;6,124484E-4
8,049999E0;-1,665652E-2;6,389147E-4
8,058333E0;-1,702512E-2;6,605961E-4
8,066666E0;-1,737851E-2;6,878894E-4
8,074999E0;-1,773870E-2;7,164762E-4
8,083333E0;-1,807431E-2;7,451153E-4
8,091666E0;-1,842265E-2;7,724232E-4
8,099999E0;-1,875169E-2;8,082552E-4
8,108333E0;-1,907591E-2;8,424897E-4
8,116666E0;-1,940812E-2;8,693339E-4
8,124999E0;-1,971307E-2;8,905491E-4
8,133333E0;-2,002994E-2;9,199768E-4
8,141666E0;-2,032531E-2;9,523141E-4
8,149999E0;-2,061551E-2;9,702308E-4
8,158333E0;-2,090148E-2;1,003441E-3
8,166666E0;-2,117784E-2;1,030122E-3
8,174999E0;-2,144463E-2;1,060248E-3
8,183333E0;-2,169999E-2;1,082857E-3
8,191666E0;-2,195166E-2;1,102468E-3
8,199999E0;-2,219836E-2;1,127270E-3
8,208333E0;-2,243868E-2;1,156156E-3
8,216666E0;-2,267162E-2;1,181730E-3
8,224999E0;-2,289132E-2;1,202011E-3
8,233333E0;-2,310902E-2;1,229222E-3
8,241666E0;-2,331178E-2;1,251985E-3
8,249999E0;-2,351614E-2;1,275536E-3
8,258333E0;-2,371228E-2;1,292259E-3
8,266666E0;-2,388530E-2;1,303724E-3
8,274999E0;-2,405813E-2;1,333294E-3
8,283333E0;-2,422686E-2;1,353717E-3
8,291666E0;-2,437232E-2;1,365389E-3
8,299999E0;-2,452888E-2;1,382493E-3
8,308333E0;-2,466118E-2;1,398749E-3
8,316666E0;-2,479344E-2;1,404213E-3
8,324999E0;-2,490652E-2;1,414543E-3
8,333333E0;-2,502069E-2;1,435325E-3
8,341666E0;-2,512066E-2;1,444440E-3
8,349999E0;-2,521493E-2;1,451173E-3
8,358333E0;-2,529524E-2;1,463895E-3
8,366666E0;-2,536352E-2;1,476229E-3
8,374999E0;-2,543652E-2;1,485424E-3
8,383333E0;-2,549132E-2;1,492986E-3
8,391666E0;-2,553688E-2;1,494466E-3
8,399999E0;-2,557387E-2;1,501824E-3
8,408333E0;-2,559774E-2;1,496831E-3
8,416666E0;-2,561362E-2;1,498133E-3
8,424999E0;-2,561704E-2;1,499716E-3
8,433333E0;-2,561194E-2;1,497675E-3
8,441666E0;-2,560188E-2;1,492969E-3
8,449999E0;-2,558225E-2;1,486946E-3
8,458333E0;-2,555470E-2;1,491335E-3
8,466666E0;-2,551697E-2;1,491570E-3
8,474999E0;-2,546735E-2;1,486740E-3
8,483333E0;-2,540190E-2;1,482343E-3
8,491666E0;-2,533318E-2;1,479137E-3
8,499999E0;-2,525754E-2;1,471166E-3
8,508333E0;-2,518051E-2;1,472308E-3
8,516666E0;-2,507830E-2;1,466464E-3
8,524999E0;-2,497824E-2;1,461955E-3
8,533333E0;-2,486721E-2;1,450648E-3
8,541666E0;-2,475051E-2;1,429138E-3
8,549999E0;-2,461917E-2;1,418533E-3
8,558333E0;-2,447941E-2;1,401724E-3
8,566666E0;-2,433580E-2;1,381348E-3
8,574999E0;-2,417304E-2;1,367018E-3
8,583333E0;-2,400640E-2;1,357055E-3
8,591666E0;-2,383724E-2;1,334444E-3
8,599999E0;-2,365937E-2;1,320338E-3
8,608333E0;-2,347184E-2;1,294473E-3
8,616666E0;-2,326752E-2;1,270028E-3
8,624999E0;-2,306371E-2;1,253633E-3
8,633333E0;-2,285506E-2;1,230287E-3
8,641666E0;-2,262917E-2;1,199087E-3
8,649999E0;-2,240022E-2;1,178719E-3
8,658333E0;-2,216072E-2;1,156218E-3
8,666666E0;-2,191411E-2;1,135037E-3
8,674999E0;-2,165629E-2;1,109709E-3
8,683333E0;-2,138955E-2;1,083541E-3
8,691666E0;-2,110910E-2;1,052618E-3
8,699999E0;-2,083297E-2;1,028068E-3
8,708333E0;-2,054323E-2;9,947295E-4
8,716666E0;-2,025482E-2;9,664543E-4
8,724999E0;-1,995287E-2;9,384116E-4
8,733333E0;-1,964334E-2;9,197649E-4
8,741666E0;-1,932166E-2;8,875799E-4
8,749999E0;-1,900069E-2;8,625146E-4
8,758333E0;-1,866968E-2;8,301603E-4
8,766666E0;-1,833461E-2;8,030390E-4
8,774999E0;-1,799648E-2;7,748403E-4
8,783333E0;-1,764820E-2;7,430785E-4
8,791666E0;-1,730509E-2;7,188517E-4
8,799999E0;-1,693156E-2;6,865358E-4
8,808333E0;-1,657191E-2;6,614542E-4
8,816666E0;-1,619664E-2;6,308193E-4
8,824999E0;-1,581725E-2;6,049756E-4
8,833333E0;-1,543228E-2;5,688346E-4
8,841666E0;-1,504839E-2;5,392082E-4
8,849999E0;-1,465217E-2;5,182099E-4
8,858333E0;-1,425729E-2;4,928284E-4
8,866666E0;-1,384955E-2;4,694122E-4
8,874999E0;-1,344860E-2;4,429216E-4
8,883333E0;-1,302753E-2;4,177669E-4
8,891666E0;-1,261263E-2;3,913541E-4
8,899999E0;-1,219047E-2;3,621649E-4
8,908333E0;-1,177215E-2;3,339083E-4
8,916666E0;-1,134350E-2;3,083358E-4
8,924999E0;-1,091695E-2;2,907728E-4
8,933333E0;-1,048505E-2;2,684237E-4
8,941666E0;-1,004496E-2;2,410697E-4
8,949999E0;-9,588092E-3;2,224092E-4
8,958333E0;-9,134198E-3;2,033993E-4
8,966666E0;-8,694900E-3;1,802215E-4
8,974999E0;-8,242997E-3;1,611549E-4
8,983333E0;-7,771184E-3;1,443244E-4
8,991666E0;-7,326742E-3;1,258355E-4
8,999999E0;-6,861342E-3;1,075845E-4
9,008333E0;-6,395174E-3;9,941923E-5
9,016666E0;-5,923991E-3;8,807037E-5
9,024999E0;-5,449338E-3;8,501903E-5
9,033333E0;-4,989345E-3;7,234049E-5
9,041666E0;-4,504978E-3;5,829942E-5
9,049999E0;-4,038885E-3;4,760517E-5
9,058333E0;-3,556191E-3;4,125754E-5
9,066666E0;-3,079197E-3;4,379912E-5
9,074999E0;-2,588099E-3;4,104934E-5
9,083333E0;-2,124573E-3;2,688314E-5
9,091666E0;-1,647430E-3;2,312024E-5
9,099999E0;-1,160833E-3;1,898928E-5
9,108333E0;-6,807689E-4;8,388253E-6
9,116666E0;-1,969767E-4;5,578902E-6
9,124999E0;2,828976E-4;1,006019E-5
9,133333E0;7,628466E-4;6,360545E-6
9,141666E0;1,236052E-3;8,723921E-6
9,149999E0;1,714328E-3;8,458107E-6
9,158333E0;2,184676E-3;6,980377E-6
9,166666E0;2,669986E-3;1,329647E-5
9,174999E0;3,147118E-3;1,417349E-5
9,183333E0;3,607717E-3;1,841669E-5
9,191666E0;4,082168E-3;2,128083E-5
9,199999E0;4,556556E-3;2,486300E-5
9,208333E0;5,028070E-3;3,076314E-5
9,216666E0;5,522843E-3;3,883204E-5
9,224999E0;5,988596E-3;5,568334E-5
9,233333E0;6,452559E-3;7,104106E-5
9,241666E0;6,946752E-3;8,930586E-5
9,249999E0;7,403061E-3;1,085841E-4
9,258333E0;7,857315E-3;1,210066E-4
9,266666E0;8,328401E-3;1,415232E-4
9,274999E0;8,783103E-3;1,707254E-4
9,283333E0;9,229190E-3;1,868312E-4
9,291666E0;9,691629E-3;2,072792E-4
9,299999E0;1,013719E-2;2,254849E-4
9,308333E0;1,057392E-2;2,407711E-4
9,316666E0;1,102899E-2;2,601211E-4
9,324999E0;1,146092E-2;2,809116E-4
9,333333E0;1,191234E-2;3,131498E-4
9,341666E0;1,233310E-2;3,355146E-4
9,349999E0;1,277411E-2;3,630678E-4
9,358333E0;1,319009E-2;3,886693E-4
9,366666E0;1,362195E-2;4,177386E-4
9,374999E0;1,402472E-2;4,460365E-4
9,383333E0;1,445340E-2;4,695664E-4
9,391666E0;1,484274E-2;4,909813E-4
9,399999E0;1,525252E-2;5,230686E-4
9,408333E0;1,563902E-2;5,498332E-4
9,416666E0;1,603554E-2;5,847870E-4
9,424999E0;1,643834E-2;6,172900E-4
9,433333E0;1,679956E-2;6,479679E-4
9,441666E0;1,718661E-2;6,665992E-4
9,449999E0;1,753860E-2;7,017289E-4
9,458333E0;1,790601E-2;7,325315E-4
9,466666E0;1,825680E-2;7,684238E-4
9,474999E0;1,861664E-2;8,010725E-4
9,483333E0;1,895755E-2;8,243950E-4
9,491666E0;1,930082E-2;8,471381E-4
9,499999E0;1,963537E-2;8,873707E-4
9,508333E0;1,995542E-2;9,165591E-4
9,516666E0;2,028078E-2;9,432077E-4
9,524999E0;2,057941E-2;9,744944E-4
9,533333E0;2,090035E-2;1,006363E-3
9,541666E0;2,118540E-2;1,032285E-3
9,549999E0;2,148095E-2;1,061014E-3
9,558333E0;2,175645E-2;1,086455E-3
9,566666E0;2,204144E-2;1,107509E-3
9,574999E0;2,229678E-2;1,133716E-3
9,583333E0;2,256459E-2;1,161758E-3
9,591666E0;2,280560E-2;1,194354E-3
9,599999E0;2,306219E-2;1,216442E-3
9,608333E0;2,329273E-2;1,246405E-3
9,616666E0;2,353049E-2;1,257974E-3
9,624999E0;2,373761E-2;1,284447E-3
9,633333E0;2,395531E-2;1,305284E-3
9,641666E0;2,415065E-2;1,332373E-3
9,649999E0;2,435087E-2;1,357328E-3
9,658333E0;2,453334E-2;1,378424E-3
9,666666E0;2,470724E-2;1,404286E-3
9,674999E0;2,488951E-2;1,416541E-3
9,683333E0;2,504506E-2;1,443769E-3
9,691666E0;2,520264E-2;1,464842E-3
9,699999E0;2,534785E-2;1,486103E-3
9,708333E0;2,548222E-2;1,494224E-3
9,716666E0;2,560606E-2;1,507229E-3
9,724999E0;2,573131E-2;1,516050E-3
9,733333E0;2,584163E-2;1,536302E-3
9,741666E0;2,594257E-2;1,556250E-3
9,749999E0;2,603526E-2;1,558169E-3
9,758333E0;2,611913E-2;1,562014E-3
9,766666E0;2,619347E-2;1,572183E-3
9,774999E0;2,626222E-2;1,583242E-3
9,783333E0;2,631744E-2;1,592164E-3
9,791666E0;2,636871E-2;1,597407E-3
9,799999E0;2,640585E-2;1,600391E-3
9,808333E0;2,643463E-2;1,600956E-3
9,816666E0;2,645636E-2;1,602849E-3
9,824999E0;2,647292E-2;1,600386E-3
9,833333E0;2,647310E-2;1,599981E-3
9,841666E0;2,646787E-2;1,598003E-3
9,849999E0;2,645678E-2;1,596104E-3
9,858333E0;2,643378E-2;1,592800E-3
9,866666E0;2,639973E-2;1,592243E-3
9,874999E0;2,636452E-2;1,588253E-3
9,883333E0;2,630637E-2;1,585283E-3
9,891666E0;2,624880E-2;1,584234E-3
9,899999E0;2,618954E-2;1,582688E-3
9,908333E0;2,611235E-2;1,571041E-3
9,916666E0;2,602839E-2;1,574892E-3
9,924999E0;2,592938E-2;1,561555E-3
9,933333E0;2,582927E-2;1,547609E-3
9,941666E0;2,572191E-2;1,530155E-3
9,949999E0;2,560326E-2;1,519121E-3
9,958333E0;2,547017E-2;1,508660E-3
9,966666E0;2,533396E-2;1,488495E-3
9,974999E0;2,518709E-2;1,474014E-3
9,983333E0;2,503233E-2;1,461569E-3
9,991666E0;2,486911E-2;1,442794E-3
9,999999E0;2,470311E-2;1,425105E-3
1,000833E1;2,452163E-2;1,396613E-3
1,001667E1;2,433245E-2;1,379930E-3
1,002500E1;2,414473E-2;1,358020E-3
1,003333E1;2,394069E-2;1,335077E-3
1,004167E1;2,372892E-2;1,314139E-3
1,005000E1;2,350188E-2;1,292108E-3
1,005833E1;2,328054E-2;1,269549E-3
1,006667E1;2,304333E-2;1,239876E-3
1,007500E1;2,280180E-2;1,217185E-3
1,008333E1;2,254757E-2;1,180617E-3
1,009167E1;2,230105E-2;1,156417E-3
1,010000E1;2,202415E-2;1,137504E-3
1,010833E1;2,175570E-2;1,106704E-3
1,011667E1;2,146788E-2;1,073639E-3
1,012500E1;2,118423E-2;1,049890E-3
1,013333E1;2,088270E-2;1,012067E-3
1,014167E1;2,056641E-2;9,771545E-4
1,015000E1;2,026734E-2;9,548205E-4
1,015833E1;1,996571E-2;9,314823E-4
1,016667E1;1,963508E-2;9,083678E-4
1,017500E1;1,932325E-2;8,798461E-4
1,018333E1;1,897785E-2;8,467674E-4
1,019167E1;1,862729E-2;8,220180E-4
1,020000E1;1,829235E-2;7,772509E-4
1,020833E1;1,792522E-2;7,518305E-4
1,021667E1;1,757645E-2;7,290723E-4
1,022500E1;1,720371E-2;7,060325E-4
1,023333E1;1,684378E-2;6,777066E-4
1,024167E1;1,646306E-2;6,474188E-4
1,025000E1;1,608649E-2;6,200651E-4
1,025833E1;1,569315E-2;5,846960E-4
1,026667E1;1,529116E-2;5,514483E-4
1,027500E1;1,490829E-2;5,261244E-4
1,028333E1;1,449656E-2;5,055817E-4
1,029167E1;1,409254E-2;4,774869E-4
1,030000E1;1,367739E-2;4,474859E-4
1,030833E1;1,326927E-2;4,168865E-4
1,031667E1;1,284059E-2;3,888334E-4
1,032500E1;1,241968E-2;3,602168E-4
1,033333E1;1,197598E-2;3,375036E-4
1,034167E1;1,155134E-2;3,111687E-4
1,035000E1;1,112619E-2;2,986650E-4
1,035833E1;1,067366E-2;2,716003E-4
1,036667E1;1,024236E-2;2,559458E-4
1,037500E1;9,775252E-3;2,326316E-4
1,038333E1;9,336734E-3;2,113800E-4
1,039167E1;8,887665E-3;2,028441E-4
1,040000E1;8,421224E-3;1,820267E-4
1,040833E1;7,979310E-3;1,567855E-4
1,041667E1;7,527252E-3;1,387917E-4
1,042500E1;7,050196E-3;1,213068E-4
1,043333E1;6,592773E-3;1,075731E-4
1,044167E1;6,130834E-3;1,049318E-4
1,045000E1;5,666961E-3;9,254468E-5
1,045833E1;5,210155E-3;8,702520E-5
1,046667E1;4,714147E-3;7,995991E-5
1,047500E1;4,250581E-3;6,418121E-5
1,048333E1;3,779901E-3;5,486368E-5
1,049167E1;3,301332E-3;4,869479E-5
1,050000E1;2,832380E-3;4,032089E-5
1,050833E1;2,350406E-3;4,348607E-5
1,051667E1;1,867661E-3;3,613868E-5
1,052500E1;1,393718E-3;3,374617E-5
1,053333E1;9,231840E-4;3,547398E-5
1,054167E1;4,374225E-4;4,282112E-5
1,055000E1;-3,584029E-5;3,796250E-5
1,055833E1;-5,185169E-4;4,426252E-5
1,056667E1;-9,964297E-4;4,737873E-5
1,057500E1;-1,477146E-3;4,781725E-5
1,058333E1;-1,956934E-3;5,454935E-5
1,059167E1;-2,423722E-3;5,321877E-5
1,060000E1;-2,902904E-3;6,073570E-5
1,060833E1;-3,378969E-3;6,283228E-5
1,061667E1;-3,852863E-3;6,540221E-5
1,062500E1;-4,327200E-3;7,065568E-5
1,063333E1;-4,799799E-3;7,402928E-5
1,064167E1;-5,276438E-3;7,924695E-5
1,065000E1;-5,748301E-3;8,299121E-5
1,065833E1;-6,208046E-3;9,161308E-5
1,066667E1;-6,680360E-3;1,141273E-4
1,067500E1;-7,135373E-3;1,298311E-4
1,068333E1;-7,583470E-3;1,422852E-4
1,069167E1;-8,053023E-3;1,617070E-4
1,070000E1;-8,503534E-3;1,783603E-4
1,070833E1;-8,948136E-3;1,979668E-4
1,071667E1;-9,397464E-3;2,224833E-4
1,072500E1;-9,843540E-3;2,390230E-4
1,073333E1;-1,027303E-2;2,519355E-4
1,074167E1;-1,071106E-2;2,729348E-4
1,075000E1;-1,114265E-2;2,969177E-4
1,075833E1;-1,158341E-2;3,241747E-4
1,076667E1;-1,201399E-2;3,456266E-4
1,077500E1;-1,242062E-2;3,718448E-4
1,078333E1;-1,283982E-2;3,949528E-4
1,079167E1;-1,325491E-2;4,175450E-4
1,080000E1;-1,366837E-2;4,430625E-4
1,080833E1;-1,406673E-2;4,652149E-4
1,081667E1;-1,447058E-2;4,916568E-4
1,082500E1;-1,485968E-2;5,165777E-4
1,083333E1;-1,524916E-2;5,477659E-4
1,084167E1;-1,562423E-2;5,752410E-4
1,085000E1;-1,599378E-2;6,031189E-4
1,085833E1;-1,635693E-2;6,310684E-4
1,086667E1;-1,671575E-2;6,595916E-4
1,087500E1;-1,707140E-2;6,806330E-4
1,088333E1;-1,742994E-2;7,088158E-4
1,089167E1;-1,777273E-2;7,330422E-4
1,090000E1;-1,811642E-2;7,682424E-4
1,090833E1;-1,844886E-2;7,899944E-4
1,091667E1;-1,877733E-2;8,197661E-4
1,092500E1;-1,909368E-2;8,432479E-4
1,093333E1;-1,940724E-2;8,743682E-4
1,094167E1;-1,970462E-2;8,961812E-4
1,095000E1;-2,000821E-2;9,262903E-4
1,095833E1;-2,028912E-2;9,459644E-4
1,096667E1;-2,057787E-2;9,747319E-4
1,097500E1;-2,084621E-2;1,006088E-3
1,098333E1;-2,111357E-2;1,032567E-3
1,099167E1;-2,136269E-2;1,052801E-3
1,100000E1;-2,161990E-2;1,077342E-3
1,100833E1;-2,185738E-2;1,100567E-3
1,101667E1;-2,209594E-2;1,125279E-3
1,102500E1;-2,231860E-2;1,146865E-3
1,103333E1;-2,253929E-2;1,175943E-3
1,104167E1;-2,274731E-2;1,193391E-3
1,105000E1;-2,294796E-2;1,208242E-3
1,105833E1;-2,314587E-2;1,233981E-3
1,106667E1;-2,333259E-2;1,255951E-3
1,107500E1;-2,350136E-2;1,281307E-3
1,108333E1;-2,367427E-2;1,290490E-3
1,109167E1;-2,383277E-2;1,303271E-3
1,110000E1;-2,398713E-2;1,323391E-3
1,110833E1;-2,413061E-2;1,343357E-3
1,111667E1;-2,426525E-2;1,353559E-3
1,112500E1;-2,438724E-2;1,367642E-3
1,113333E1;-2,450099E-2;1,382076E-3
1,114167E1;-2,460636E-2;1,391802E-3
1,115000E1;-2,470173E-2;1,403847E-3
1,115833E1;-2,479370E-2;1,402594E-3
1,116667E1;-2,486953E-2;1,416189E-3
1,117500E1;-2,493681E-2;1,434354E-3
1,118333E1;-2,500084E-2;1,434528E-3
1,119167E1;-2,505393E-2;1,437563E-3
1,120000E1;-2,510610E-2;1,443658E-3
1,120833E1;-2,514210E-2;1,453091E-3
1,121667E1;-2,516591E-2;1,445672E-3
1,122500E1;-2,518445E-2;1,447422E-3
1,123333E1;-2,519247E-2;1,449760E-3
1,124167E1;-2,518645E-2;1,446169E-3
1,125000E1;-2,517813E-2;1,441923E-3
1,125833E1;-2,515880E-2;1,437678E-3
1,126667E1;-2,513109E-2;1,438216E-3
1,127500E1;-2,509103E-2;1,436469E-3
1,128333E1;-2,504341E-2;1,436918E-3
1,129167E1;-2,498081E-2;1,430862E-3
1,130000E1;-2,491268E-2;1,426201E-3
1,130833E1;-2,483889E-2;1,417596E-3
1,131667E1;-2,476397E-2;1,420813E-3
1,132500E1;-2,466505E-2;1,413360E-3
1,133333E1;-2,456304E-2;1,417201E-3
1,134167E1;-2,445655E-2;1,403961E-3
1,135000E1;-2,433958E-2;1,382983E-3
1,135833E1;-2,421241E-2;1,363242E-3
1,136667E1;-2,407675E-2;1,355234E-3
1,137500E1;-2,394163E-2;1,337742E-3
1,138333E1;-2,379492E-2;1,326343E-3
1,139167E1;-2,363391E-2;1,310721E-3
1,140000E1;-2,347031E-2;1,292013E-3
1,140833E1;-2,329305E-2;1,276773E-3
1,141667E1;-2,310223E-2;1,254218E-3
1,142500E1;-2,292077E-2;1,240919E-3
1,143333E1;-2,271620E-2;1,215533E-3
1,144167E1;-2,250237E-2;1,188966E-3
1,145000E1;-2,228209E-2;1,169634E-3
1,145833E1;-2,206114E-2;1,139946E-3
1,146667E1;-2,182480E-2;1,111143E-3
1,147500E1;-2,158293E-2;1,093602E-3
1,148333E1;-2,134267E-2;1,075316E-3
1,149167E1;-2,108331E-2;1,046318E-3
1,150000E1;-2,083143E-2;1,025123E-3
1,150833E1;-2,056115E-2;9,894126E-4
1,151667E1;-2,028864E-2;9,671152E-4
1,152500E1;-1,999439E-2;9,421775E-4
1,153333E1;-1,971007E-2;9,179629E-4
1,154167E1;-1,941036E-2;8,881319E-4
1,155000E1;-1,910446E-2;8,646314E-4
1,155833E1;-1,878340E-2;8,410026E-4
1,156667E1;-1,846886E-2;8,106860E-4
1,157500E1;-1,813064E-2;7,770723E-4
1,158333E1;-1,780569E-2;7,522855E-4
1,159167E1;-1,746382E-2;7,279319E-4
1,160000E1;-1,711821E-2;7,023515E-4
1,160833E1;-1,676396E-2;6,729187E-4
1,161667E1;-1,640588E-2;6,506827E-4
1,162500E1;-1,603533E-2;6,188351E-4
1,163333E1;-1,567300E-2;5,908024E-4
1,164167E1;-1,528886E-2;5,636066E-4
1,165000E1;-1,491186E-2;5,350353E-4
1,165833E1;-1,452169E-2;5,118854E-4
1,166667E1;-1,413381E-2;4,884115E-4
1,167500E1;-1,372659E-2;4,582340E-4
1,168333E1;-1,333225E-2;4,419970E-4
1,169167E1;-1,291993E-2;4,129101E-4
1,170000E1;-1,251018E-2;3,840287E-4
1,170833E1;-1,209979E-2;3,533295E-4
1,171667E1;-1,168312E-2;3,374705E-4
1,172500E1;-1,125486E-2;3,112496E-4
1,173333E1;-1,082466E-2;2,883081E-4
1,174167E1;-1,039579E-2;2,705938E-4
1,175000E1;-9,959112E-3;2,560912E-4
1,175833E1;-9,522501E-3;2,393703E-4
1,176667E1;-9,074865E-3;2,098525E-4
1,177500E1;-8,631768E-3;1,939843E-4
1,178333E1;-8,188770E-3;1,772268E-4
1,179167E1;-7,727890E-3;1,558053E-4
1,180000E1;-7,276526E-3;1,366096E-4
1,180833E1;-6,820362E-3;1,135160E-4
1,181667E1;-6,351627E-3;1,047897E-4
1,182500E1;-5,881600E-3;9,595787E-5
1,183333E1;-5,420149E-3;8,594173E-5
1,184167E1;-4,963594E-3;7,692292E-5
1,185000E1;-4,498114E-3;6,014391E-5
1,185833E1;-4,018677E-3;5,208497E-5
1,186667E1;-3,548389E-3;4,550376E-5
1,187500E1;-3,066879E-3;4,261472E-5
1,188333E1;-2,594237E-3;4,129919E-5
1,189167E1;-2,135464E-3;2,503770E-5
1,190000E1;-1,667077E-3;1,939274E-5
1,190833E1;-1,194016E-3;1,487096E-5
1,191667E1;-7,162410E-4;7,160033E-6
1,192500E1;-2,408299E-4;3,631451E-6
1,193333E1;2,330841E-4;7,266908E-6
1,194167E1;7,119990E-4;6,867342E-6
1,195000E1;1,182917E-3;7,431850E-6
1,195833E1;1,658574E-3;7,377645E-6
1,196667E1;2,134117E-3;1,003145E-5
1,197500E1;2,602772E-3;1,458222E-5
1,198333E1;3,083262E-3;1,487799E-5
1,199167E1;3,546640E-3;1,954630E-5
1,200000E1;4,020410E-3;2,457180E-5
1,200833E1;4,495132E-3;2,544054E-5
1,201667E1;4,959304E-3;2,574629E-5
1,202500E1;5,439176E-3;4,137389E-5
1,203333E1;5,902624E-3;6,096336E-5
1,204167E1;6,368897E-3;7,014484E-5
1,205000E1;6,826985E-3;8,189938E-5
1,205833E1;7,296825E-3;9,630889E-5
1,206667E1;7,755680E-3;1,075896E-4
1,207500E1;8,215647E-3;1,371662E-4
1,208333E1;8,666360E-3;1,648628E-4
1,209167E1;9,117671E-3;1,785950E-4
1,210000E1;9,576001E-3;1,967764E-4
1,210833E1;1,001314E-2;2,207887E-4
1,211667E1;1,044946E-2;2,376818E-4
1,212500E1;1,089725E-2;2,612417E-4
1,213333E1;1,132567E-2;2,801484E-4
1,214167E1;1,176268E-2;3,068492E-4
1,215000E1;1,218245E-2;3,313023E-4
1,215833E1;1,261661E-2;3,560042E-4
1,216667E1;1,302529E-2;3,877145E-4
1,217500E1;1,344315E-2;4,139590E-4
1,218333E1;1,384600E-2;4,394306E-4
1,219167E1;1,425760E-2;4,605720E-4
1,220000E1;1,464910E-2;4,943719E-4
1,220833E1;1,505148E-2;5,159784E-4
1,221667E1;1,542882E-2;5,413099E-4
1,222500E1;1,581827E-2;5,771624E-4
1,223333E1;1,619457E-2;6,074345E-4
1,224167E1;1,657757E-2;6,326421E-4
1,225000E1;1,692864E-2;6,601586E-4
1,225833E1;1,730226E-2;6,925253E-4
1,226667E1;1,765097E-2;7,113287E-4
1,227500E1;1,800628E-2;7,397168E-4
1,228333E1;1,834425E-2;7,652768E-4
1,229167E1;1,868187E-2;7,998867E-4
1,230000E1;1,902695E-2;8,264337E-4
1,230833E1;1,933325E-2;8,584473E-4
1,231667E1;1,966531E-2;8,801889E-4
1,232500E1;1,996487E-2;9,144546E-4
1,233333E1;2,026883E-2;9,482852E-4
1,234167E1;2,057014E-2;9,668276E-4
1,235000E1;2,086693E-2;1,001295E-3
1,235833E1;2,113609E-2;1,029078E-3
1,236667E1;2,141580E-2;1,053626E-3
1,237500E1;2,167324E-2;1,079121E-3
1,238333E1;2,194099E-2;1,099362E-3
1,239167E1;2,218399E-2;1,129679E-3
1,240000E1;2,244463E-2;1,149067E-3
1,240833E1;2,267619E-2;1,174296E-3
1,241667E1;2,291557E-2;1,207587E-3
1,242500E1;2,313429E-2;1,234128E-3
1,243333E1;2,335157E-2;1,256311E-3
1,244167E1;2,355701E-2;1,283787E-3
1,245000E1;2,375658E-2;1,297774E-3
1,245833E1;2,395834E-2;1,310759E-3
1,246667E1;2,412994E-2;1,338998E-3
1,247500E1;2,431384E-2;1,359669E-3
1,248333E1;2,447671E-2;1,379823E-3
1,249167E1;2,463232E-2;1,388532E-3
1,250000E1;2,478423E-2;1,407177E-3
1,250833E1;2,492385E-2;1,440590E-3
1,251667E1;2,505966E-2;1,448629E-3
1,252500E1;2,518846E-2;1,469245E-3
1,253333E1;2,530786E-2;1,482194E-3
1,254167E1;2,541698E-2;1,490524E-3
1,255000E1;2,551446E-2;1,502893E-3
1,255833E1;2,561084E-2;1,502854E-3
1,256667E1;2,569010E-2;1,506434E-3
1,257500E1;2,576317E-2;1,510585E-3
1,258333E1;2,583482E-2;1,509415E-3
1,259167E1;2,588979E-2;1,510614E-3
1,260000E1;2,593897E-2;1,510970E-3
1,260833E1;2,597818E-2;1,511543E-3
1,261667E1;2,601299E-2;1,510103E-3
1,262500E1;2,602836E-2;1,507769E-3
1,263333E1;2,605173E-2;1,506255E-3
1,264167E1;2,605749E-2;1,499524E-3
1,265000E1;2,605107E-2;1,498280E-3
1,265833E1;2,604091E-2;1,501958E-3
1,266667E1;2,602366E-2;1,496326E-3
1,267500E1;2,598382E-2;1,494465E-3
1,268333E1;2,594908E-2;1,486166E-3
1,269167E1;2,590180E-2;1,480980E-3
1,270000E1;2,584605E-2;1,477362E-3
1,270833E1;2,577842E-2;1,480868E-3
1,271667E1;2,570834E-2;1,480594E-3
1,272500E1;2,562971E-2;1,473024E-3
1,273333E1;2,554243E-2;1,470996E-3
1,274167E1;2,543483E-2;1,466378E-3
1,275000E1;2,532562E-2;1,462709E-3
1,275833E1;2,520250E-2;1,457430E-3
1,276667E1;2,508006E-2;1,430821E-3
1,277500E1;2,495390E-2;1,415491E-3
1,278333E1;2,480101E-2;1,398553E-3
1,279167E1;2,465541E-2;1,382703E-3
1,280000E1;2,450149E-2;1,366824E-3
1,280833E1;2,433572E-2;1,352839E-3
1,281667E1;2,416577E-2;1,323144E-3
1,282500E1;2,398264E-2;1,310172E-3
1,283333E1;2,379338E-2;1,295453E-3
1,284167E1;2,359350E-2;1,271757E-3
1,285000E1;2,339260E-2;1,256454E-3
1,285833E1;2,317577E-2;1,234301E-3
1,286667E1;2,296498E-2;1,204390E-3
1,287500E1;2,273173E-2;1,178711E-3
1,288333E1;2,249718E-2;1,157663E-3
1,289167E1;2,224716E-2;1,130668E-3
1,290000E1;2,199277E-2;1,105402E-3
1,290833E1;2,172727E-2;1,078969E-3
1,291667E1;2,146224E-2;1,053764E-3
1,292500E1;2,117587E-2;1,030665E-3
1,293333E1;2,090433E-2;9,999257E-4
1,294167E1;2,061046E-2;9,645290E-4
1,295000E1;2,032450E-2;9,403607E-4
1,295833E1;2,001172E-2;9,232576E-4
1,296667E1;1,971514E-2;8,857746E-4
1,297500E1;1,938646E-2;8,627145E-4
1,298333E1;1,907254E-2;8,345090E-4
1,299167E1;1,873308E-2;8,127752E-4
1,300000E1;1,839240E-2;7,653831E-4
1,300833E1;1,805291E-2;7,400045E-4
1,301667E1;1,769998E-2;7,156988E-4
1,302500E1;1,734729E-2;6,892021E-4
1,303333E1;1,698883E-2;6,592775E-4
1,304167E1;1,662835E-2;6,292821E-4
1,305000E1;1,625754E-2;6,065083E-4
1,305833E1;1,588134E-2;5,699290E-4
1,306667E1;1,549660E-2;5,437338E-4
1,307500E1;1,512180E-2;5,143135E-4
1,308333E1;1,471639E-2;4,907978E-4
1,309167E1;1,432660E-2;4,618881E-4
1,310000E1;1,392220E-2;4,457897E-4
1,310833E1;1,352101E-2;4,184109E-4
1,311667E1;1,308978E-2;3,949867E-4
1,312500E1;1,268751E-2;3,592292E-4
1,313333E1;1,225433E-2;3,350803E-4
1,314167E1;1,183790E-2;3,066154E-4
1,315000E1;1,138893E-2;2,901344E-4
1,315833E1;1,097158E-2;2,688760E-4
1,316667E1;1,054303E-2;2,508479E-4
1,317500E1;1,009601E-2;2,282106E-4
1,318333E1;9,670588E-3;2,033373E-4
1,319167E1;9,224365E-3;1,950185E-4
1,320000E1;8,764224E-3;1,687124E-4
1,320833E1;8,320543E-3;1,506513E-4
1,321667E1;7,859793E-3;1,292387E-4
1,322500E1;7,408019E-3;1,137833E-4
1,323333E1;6,957327E-3;1,003049E-4
1,324167E1;6,502219E-3;9,417918E-5
1,325000E1;6,053257E-3;8,561376E-5
1,325833E1;5,570103E-3;7,674255E-5
1,326667E1;5,115360E-3;5,884941E-5
1,327500E1;4,644821E-3;5,112369E-5
1,328333E1;4,196010E-3;4,620488E-5
1,329167E1;3,720975E-3;4,117301E-5
1,330000E1;3,239715E-3;2,974736E-5
1,330833E1;2,772226E-3;1,547195E-5
1,331667E1;2,300862E-3;8,940706E-6
1,332500E1;1,830844E-3;9,314136E-6
1,333333E1;1,353756E-3;1,604658E-6
1,334167E1;8,862282E-4;6,340029E-7
1,335000E1;4,033075E-4;-5,032820E-6
1,335833E1;-6,858794E-5;2,109092E-6
1,336667E1;-5,410510E-4;6,200512E-6
1,337500E1;-1,007644E-3;6,166472E-6
1,338333E1;-1,477770E-3;4,676961E-6
1,339167E1;-1,943356E-3;8,585196E-6
1,340000E1;-2,416659E-3;1,049670E-5
1,340833E1;-2,886135E-3;1,348736E-5
1,341667E1;-3,360399E-3;1,505024E-5
1,342500E1;-3,828078E-3;1,946056E-5
1,343333E1;-4,300240E-3;1,951813E-5
1,344167E1;-4,762895E-3;2,891644E-5
1,345000E1;-5,229582E-3;2,928633E-5
1,345833E1;-5,680432E-3;4,086439E-5
1,346667E1;-6,141760E-3;6,190647E-5
1,347500E1;-6,596544E-3;7,546506E-5
1,348333E1;-7,038845E-3;9,084506E-5
1,349167E1;-7,486869E-3;1,078485E-4
1,350000E1;-7,943874E-3;1,303238E-4
1,350833E1;-8,380287E-3;1,379550E-4
1,351667E1;-8,828877E-3;1,707214E-4
1,352500E1;-9,266465E-3;1,855917E-4
1,353333E1;-9,686617E-3;2,088257E-4
1,354167E1;-1,012325E-2;2,225101E-4
1,355000E1;-1,055955E-2;2,422227E-4
1,355833E1;-1,097743E-2;2,539738E-4
1,356667E1;-1,140744E-2;2,848905E-4
1,357500E1;-1,182044E-2;3,036992E-4
1,358333E1;-1,224147E-2;3,302122E-4
1,359167E1;-1,263911E-2;3,569746E-4
1,360000E1;-1,304545E-2;3,794831E-4
1,360833E1;-1,344465E-2;4,117288E-4
1,361667E1;-1,384024E-2;4,347034E-4
1,362500E1;-1,422631E-2;4,637492E-4
1,363333E1;-1,461495E-2;4,912663E-4
1,364167E1;-1,497709E-2;5,105664E-4
1,365000E1;-1,535755E-2;5,478933E-4
1,365833E1;-1,571421E-2;5,743101E-4
1,366667E1;-1,607947E-2;6,000716E-4
1,367500E1;-1,642937E-2;6,284199E-4
1,368333E1;-1,678987E-2;6,513556E-4
1,369167E1;-1,712901E-2;6,737544E-4
1,370000E1;-1,747495E-2;7,031927E-4
1,370833E1;-1,779342E-2;7,296784E-4
1,371667E1;-1,811820E-2;7,558753E-4
1,372500E1;-1,843912E-2;7,850497E-4
1,373333E1;-1,875577E-2;8,106818E-4
1,374167E1;-1,905910E-2;8,424278E-4
1,375000E1;-1,935181E-2;8,659285E-4
1,375833E1;-1,964688E-2;8,918047E-4
1,376667E1;-1,992413E-2;9,171896E-4
1,377500E1;-2,020272E-2;9,456035E-4
1,378333E1;-2,047589E-2;9,712302E-4
1,379167E1;-2,073327E-2;9,946562E-4
1,380000E1;-2,098584E-2;1,022103E-3
1,380833E1;-2,123236E-2;1,050515E-3
1,381667E1;-2,146752E-2;1,070601E-3
1,382500E1;-2,169681E-2;1,093580E-3
1,383333E1;-2,191945E-2;1,117852E-3
1,384167E1;-2,213538E-2;1,134121E-3
1,385000E1;-2,234487E-2;1,162597E-3
1,385833E1;-2,253954E-2;1,172923E-3
1,386667E1;-2,273634E-2;1,191316E-3
1,387500E1;-2,291701E-2;1,205977E-3
1,388333E1;-2,309056E-2;1,228353E-3
1,389167E1;-2,326141E-2;1,250474E-3
1,390000E1;-2,342191E-2;1,272514E-3
1,390833E1;-2,357748E-2;1,282802E-3
1,391667E1;-2,372554E-2;1,293714E-3
1,392500E1;-2,385489E-2;1,309972E-3
1,393333E1;-2,398182E-2;1,327695E-3
1,394167E1;-2,409229E-2;1,344865E-3
1,395000E1;-2,420157E-2;1,340726E-3
1,395833E1;-2,429755E-2;1,357142E-3
1,396667E1;-2,438613E-2;1,374010E-3
1,397500E1;-2,446742E-2;1,374845E-3
1,398333E1;-2,454994E-2;1,388330E-3
1,399167E1;-2,461079E-2;1,394240E-3
1,400000E1;-2,466364E-2;1,396636E-3
1,400833E1;-2,470678E-2;1,396795E-3
1,401667E1;-2,474480E-2;1,395098E-3
1,402500E1;-2,477526E-2;1,400539E-3
1,403333E1;-2,478835E-2;1,391479E-3
1,404167E1;-2,480753E-2;1,393714E-3
1,405000E1;-2,480847E-2;1,390190E-3
1,405833E1;-2,480115E-2;1,387938E-3
1,406667E1;-2,479033E-2;1,385986E-3
1,407500E1;-2,476312E-2;1,387229E-3
1,408333E1;-2,472945E-2;1,381464E-3
1,409167E1;-2,469115E-2;1,377808E-3
1,410000E1;-2,463749E-2;1,372299E-3
1,410833E1;-2,458203E-2;1,374153E-3
1,411667E1;-2,450837E-2;1,372534E-3
1,412500E1;-2,442680E-2;1,366976E-3
1,413333E1;-2,433841E-2;1,367444E-3
1,414167E1;-2,423710E-2;1,362230E-3
1,415000E1;-2,413110E-2;1,357983E-3
1,415833E1;-2,402148E-2;1,349663E-3
1,416667E1;-2,389811E-2;1,321702E-3
1,417500E1;-2,376703E-2;1,317612E-3
1,418333E1;-2,362847E-2;1,294682E-3
1,419167E1;-2,348517E-2;1,280081E-3
1,420000E1;-2,332273E-2;1,265397E-3
1,420833E1;-2,315754E-2;1,250327E-3
1,421667E1;-2,298969E-2;1,231834E-3
1,422500E1;-2,281273E-2;1,212649E-3
1,423333E1;-2,262382E-2;1,189927E-3
1,424167E1;-2,242153E-2;1,165973E-3
1,425000E1;-2,221574E-2;1,151278E-3
1,425833E1;-2,200421E-2;1,131716E-3
1,426667E1;-2,177883E-2;1,107186E-3
1,427500E1;-2,154624E-2;1,092681E-3
1,428333E1;-2,131236E-2;1,068654E-3
1,429167E1;-2,105878E-2;1,048956E-3
1,430000E1;-2,080921E-2;1,028378E-3
1,430833E1;-2,054448E-2;9,942788E-4
1,431667E1;-2,027273E-2;9,684905E-4
1,432500E1;-1,998986E-2;9,454685E-4
1,433333E1;-1,971882E-2;9,153278E-4
1,434167E1;-1,942559E-2;8,938062E-4
1,435000E1;-1,913061E-2;8,626038E-4
1,435833E1;-1,882304E-2;8,380743E-4
1,436667E1;-1,852450E-2;8,119105E-4
1,437500E1;-1,819764E-2;7,844804E-4
1,438333E1;-1,787854E-2;7,541282E-4
1,439167E1;-1,754574E-2;7,242643E-4
1,440000E1;-1,721711E-2;7,102747E-4
1,440833E1;-1,686917E-2;6,715501E-4
1,441667E1;-1,652601E-2;6,539435E-4
1,442500E1;-1,617492E-2;6,213689E-4
1,443333E1;-1,581181E-2;5,927521E-4
1,444167E1;-1,543604E-2;5,641816E-4
1,445000E1;-1,506624E-2;5,395640E-4
1,445833E1;-1,468923E-2;5,155085E-4
1,446667E1;-1,430966E-2;4,918657E-4
1,447500E1;-1,391973E-2;4,703081E-4
1,448333E1;-1,353150E-2;4,386846E-4
1,449167E1;-1,312741E-2;4,151567E-4
1,450000E1;-1,273128E-2;3,880056E-4
1,450833E1;-1,231634E-2;3,649302E-4
1,451667E1;-1,191375E-2;3,465740E-4
1,452500E1;-1,148848E-2;3,157079E-4
1,453333E1;-1,105966E-2;2,993522E-4
1,454167E1;-1,064769E-2;2,829340E-4
1,455000E1;-1,021065E-2;2,625023E-4
1,455833E1;-9,785213E-3;2,353476E-4
1,456667E1;-9,353728E-3;2,158062E-4
1,457500E1;-8,908558E-3;1,968984E-4
1,458333E1;-8,485054E-3;1,761148E-4
1,459167E1;-8,038023E-3;1,563961E-4
1,460000E1;-7,587991E-3;1,398186E-4
1,460833E1;-7,152879E-3;1,301392E-4
1,461667E1;-6,695846E-3;1,052385E-4
1,462500E1;-6,239280E-3;9,863138E-5
1,463333E1;-5,778379E-3;9,116233E-5
1,464167E1;-5,332776E-3;7,812405E-5
1,465000E1;-4,874355E-3;6,750768E-5
1,465833E1;-4,400602E-3;5,473144E-5
1,466667E1;-3,936103E-3;4,766379E-5
1,467500E1;-3,480966E-3;3,726628E-5
1,468333E1;-3,008740E-3;3,886383E-5
1,469167E1;-2,564415E-3;2,757478E-5
1,470000E1;-2,098828E-3;1,872567E-5
1,470833E1;-1,626088E-3;1,276684E-5
1,471667E1;-1,159909E-3;1,036203E-5
1,472500E1;-6,891091E-4;4,420880E-6
1,473333E1;-2,261847E-4;3,825161E-6
1,474167E1;2,398224E-4;4,247712E-6
1,475000E1;7,020018E-4;5,492812E-6
1,475833E1;1,170918E-3;5,313857E-6
1,476667E1;1,641328E-3;1,028588E-5
1,477500E1;2,113410E-3;9,835196E-6
1,478333E1;2,568983E-3;1,546569E-5
1,479167E1;3,033294E-3;1,045969E-5
1,480000E1;3,486839E-3;2,088981E-5
1,480833E1;3,958298E-3;2,195129E-5
1,481667E1;4,413178E-3;2,511123E-5
1,482500E1;4,883825E-3;2,957452E-5
1,483333E1;5,346840E-3;3,727508E-5
1,484167E1;5,807825E-3;5,480259E-5
1,485000E1;6,255492E-3;6,891376E-5
1,485833E1;6,689098E-3;7,962397E-5
1,486667E1;7,164688E-3;9,098877E-5
1,487500E1;7,606539E-3;1,073253E-4
1,488333E1;8,043482E-3;1,312040E-4
1,489167E1;8,505813E-3;1,450407E-4
1,490000E1;8,940957E-3;1,702691E-4
1,490833E1;9,382244E-3;1,889651E-4
1,491667E1;9,818668E-3;2,050684E-4
1,492500E1;1,024633E-2;2,206848E-4
1,493333E1;1,068049E-2;2,519304E-4
1,494167E1;1,111161E-2;2,724992E-4
1,495000E1;1,152394E-2;2,848255E-4
1,495833E1;1,195162E-2;3,140508E-4
1,496667E1;1,236091E-2;3,326250E-4
1,497500E1;1,278782E-2;3,589542E-4
1,498333E1;1,318323E-2;3,876480E-4
1,499167E1;1,359493E-2;4,215206E-4
1,500000E1;1,398513E-2;4,427873E-4
1,500833E1;1,438754E-2;4,696149E-4
1,501667E1;1,476626E-2;4,918593E-4
1,502500E1;1,516726E-2;5,104244E-4
1,503333E1;1,553035E-2;5,410815E-4
1,504167E1;1,591063E-2;5,702263E-4
1,505000E1;1,626236E-2;6,072015E-4
1,505833E1;1,663510E-2;6,289308E-4
1,506667E1;1,698205E-2;6,581307E-4
1,507500E1;1,734698E-2;6,873070E-4
1,508333E1;1,768038E-2;7,164309E-4
1,509167E1;1,803017E-2;7,314711E-4
1,510000E1;1,835173E-2;7,669539E-4
1,510833E1;1,870207E-2;7,945801E-4
1,511667E1;1,902761E-2;8,254471E-4
1,512500E1;1,932744E-2;8,566736E-4
1,513333E1;1,964359E-2;8,817331E-4
1,514167E1;1,992964E-2;9,085801E-4
1,515000E1;2,023631E-2;9,421345E-4
1,515833E1;2,051044E-2;9,634790E-4
1,516667E1;2,080132E-2;9,948572E-4
1,517500E1;2,106911E-2;1,024916E-3
1,518333E1;2,134742E-2;1,048329E-3
1,519167E1;2,159411E-2;1,082641E-3
1,520000E1;2,185909E-2;1,102114E-3
1,520833E1;2,209424E-2;1,128282E-3
1,521667E1;2,234292E-2;1,152583E-3
1,522500E1;2,256394E-2;1,171849E-3
1,523333E1;2,279085E-2;1,198602E-3
1,524167E1;2,299370E-2;1,224746E-3
1,525000E1;2,319859E-2;1,245829E-3
1,525833E1;2,340497E-2;1,262012E-3
1,526667E1;2,359353E-2;1,287669E-3
1,527500E1;2,377298E-2;1,298555E-3
1,528333E1;2,395182E-2;1,311248E-3
1,529167E1;2,411390E-2;1,330520E-3
1,530000E1;2,426633E-2;1,347229E-3
1,530833E1;2,442354E-2;1,358581E-3
1,531667E1;2,455858E-2;1,384035E-3
1,532500E1;2,469383E-2;1,393030E-3
1,533333E1;2,481470E-2;1,403081E-3
1,534167E1;2,493991E-2;1,415244E-3
1,535000E1;2,504493E-2;1,434245E-3
1,535833E1;2,514859E-2;1,446837E-3
1,536667E1;2,524570E-2;1,460705E-3
1,537500E1;2,533384E-2;1,473448E-3
1,538333E1;2,540130E-2;1,485488E-3
1,539167E1;2,547076E-2;1,491898E-3
1,540000E1;2,552708E-2;1,492804E-3
1,540833E1;2,557255E-2;1,495834E-3
1,541667E1;2,561779E-2;1,499033E-3
1,542500E1;2,564634E-2;1,496662E-3
1,543333E1;2,566421E-2;1,500395E-3
1,544167E1;2,568093E-2;1,499807E-3
1,545000E1;2,568594E-2;1,493529E-3
1,545833E1;2,568318E-2;1,494706E-3
1,546667E1;2,567709E-2;1,492208E-3
1,547500E1;2,565985E-2;1,488613E-3
1,548333E1;2,563852E-2;1,488117E-3
1,549167E1;2,559593E-2;1,484737E-3
1,550000E1;2,554003E-2;1,483156E-3
1,550833E1;2,547944E-2;1,481381E-3
1,551667E1;2,541808E-2;1,476193E-3
1,552500E1;2,534592E-2;1,473824E-3
1,553333E1;2,527047E-2;1,473105E-3
1,554167E1;2,518198E-2;1,466079E-3
1,555000E1;2,508538E-2;1,456958E-3
1,555833E1;2,498206E-2;1,438255E-3
1,556667E1;2,487791E-2;1,421231E-3
1,557500E1;2,474959E-2;1,402924E-3
1,558333E1;2,462018E-2;1,384855E-3
1,559167E1;2,447537E-2;1,373359E-3
1,560000E1;2,433132E-2;1,365700E-3
1,560833E1;2,417444E-2;1,351695E-3
1,561667E1;2,401750E-2;1,328758E-3
1,562500E1;2,384949E-2;1,304619E-3
1,563333E1;2,366590E-2;1,289982E-3
1,564167E1;2,347903E-2;1,264879E-3
1,565000E1;2,328163E-2;1,255897E-3
1,565833E1;2,307750E-2;1,232928E-3
1,566667E1;2,286691E-2;1,207494E-3
1,567500E1;2,264776E-2;1,180810E-3
1,568333E1;2,242591E-2;1,156201E-3
1,569167E1;2,218186E-2;1,138022E-3
1,570000E1;2,194411E-2;1,109489E-3
1,570833E1;2,169554E-2;1,095887E-3
1,571667E1;2,143215E-2;1,067108E-3
1,572500E1;2,117986E-2;1,043076E-3
1,573333E1;2,090151E-2;1,016195E-3
1,574167E1;2,062031E-2;9,767245E-4
1,575000E1;2,034022E-2;9,504259E-4
1,575833E1;2,005790E-2;9,364741E-4
1,576667E1;1,975337E-2;9,037928E-4
1,577500E1;1,943650E-2;8,724686E-4
1,578333E1;1,913274E-2;8,434472E-4
1,579167E1;1,880067E-2;8,141304E-4
1,580000E1;1,849064E-2;7,752006E-4
1,580833E1;1,814603E-2;7,598142E-4
1,581667E1;1,782416E-2;7,344546E-4
1,582500E1;1,747150E-2;7,098113E-4
1,583333E1;1,713414E-2;6,752755E-4
1,584167E1;1,677637E-2;6,548068E-4
1,585000E1;1,642746E-2;6,246609E-4
1,585833E1;1,604977E-2;5,964285E-4
1,586667E1;1,568563E-2;5,606887E-4
1,587500E1;1,530241E-2;5,435297E-4
1,588333E1;1,493173E-2;5,194123E-4
1,589167E1;1,452960E-2;4,889656E-4
1,590000E1;1,414555E-2;4,680850E-4
1,590833E1;1,374348E-2;4,380127E-4
1,591667E1;1,334361E-2;4,185223E-4
1,592500E1;1,293221E-2;3,844268E-4
1,593333E1;1,253615E-2;3,658421E-4
1,594167E1;1,211542E-2;3,365745E-4
1,595000E1;1,171320E-2;3,135787E-4
1,595833E1;1,129883E-2;2,982362E-4
1,596667E1;1,085555E-2;2,814908E-4
1,597500E1;1,043702E-2;2,645149E-4
1,598333E1;9,992024E-3;2,416730E-4
1,599167E1;9,573639E-3;2,219770E-4
1,600000E1;9,147221E-3;2,045357E-4
1,600833E1;8,692774E-3;1,831024E-4
1,601667E1;8,258016E-3;1,641408E-4
1,602500E1;7,832521E-3;1,398563E-4
1,603333E1;7,361979E-3;1,266966E-4
1,604167E1;6,920345E-3;1,107560E-4
1,605000E1;6,486415E-3;9,276450E-5
1,605833E1;6,026883E-3;9,408948E-5
1,606667E1;5,581043E-3;8,456588E-5
1,607500E1;5,099514E-3;7,918318E-5
1,608333E1;4,643837E-3;5,718133E-5
1,609167E1;4,187605E-3;5,302604E-5
1,610000E1;3,732115E-3;4,614188E-5
1,610833E1;3,271950E-3;4,018942E-5
1,611667E1;2,820647E-3;3,791683E-5
1,612500E1;2,339255E-3;3,041065E-5
1,613333E1;1,881473E-3;1,753870E-5
1,614167E1;1,411684E-3;9,305304E-6
1,615000E1;9,409944E-4;1,235087E-5
1,615833E1;4,911383E-4;5,564655E-6
1,616667E1;1,635917E-5;2,252526E-6
1,617500E1;-4,381508E-4;5,286830E-6
1,618333E1;-9,125623E-4;9,798383E-6
1,619167E1;-1,369941E-3;7,510945E-6
1,620000E1;-1,831579E-3;6,889080E-6
1,620833E1;-2,299692E-3;1,046098E-5
1,621667E1;-2,768784E-3;1,629576E-5
1,622500E1;-3,224497E-3;1,802882E-5
1,623333E1;-3,692430E-3;2,083067E-5
1,624167E1;-4,150133E-3;2,001263E-5
1,625000E1;-4,615461E-3;2,975008E-5
1,625833E1;-5,063253E-3;2,842846E-5
1,626667E1;-5,508994E-3;4,232295E-5
1,627500E1;-5,962910E-3;5,977379E-5
1,628333E1;-6,413852E-3;7,621137E-5
1,629167E1;-6,859823E-3;8,158992E-5
1,630000E1;-7,292171E-3;1,012517E-4
1,630833E1;-7,741777E-3;1,147831E-4
1,631667E1;-8,189004E-3;1,323313E-4
1,632500E1;-8,614242E-3;1,513366E-4
1,633333E1;-9,053143E-3;1,751938E-4
1,634167E1;-9,471812E-3;1,991780E-4
1,635000E1;-9,897828E-3;2,169380E-4
1,635833E1;-1,032101E-2;2,354246E-4
1,636667E1;-1,073100E-2;2,528979E-4
1,637500E1;-1,115524E-2;2,709296E-4
1,638333E1;-1,156273E-2;2,955910E-4
1,639167E1;-1,196857E-2;3,282673E-4
1,640000E1;-1,238074E-2;3,481574E-4
1,640833E1;-1,276775E-2;3,674532E-4
1,641667E1;-1,317219E-2;3,960551E-4
1,642500E1;-1,355569E-2;4,211341E-4
1,643333E1;-1,394205E-2;4,426806E-4
1,644167E1;-1,432317E-2;4,678276E-4
1,645000E1;-1,470159E-2;4,929268E-4
1,645833E1;-1,506016E-2;5,152549E-4
1,646667E1;-1,543375E-2;5,466287E-4
1,647500E1;-1,579276E-2;5,714898E-4
1,648333E1;-1,615619E-2;6,047064E-4
1,649167E1;-1,649996E-2;6,269215E-4
1,650000E1;-1,684972E-2;6,536283E-4
1,650833E1;-1,717772E-2;6,748455E-4
1,651667E1;-1,751303E-2;7,108859E-4
1,652500E1;-1,782655E-2;7,333697E-4
1,653333E1;-1,814240E-2;7,625192E-4
1,654167E1;-1,844825E-2;7,822193E-4
1,655000E1;-1,875385E-2;8,157110E-4
1,655833E1;-1,904726E-2;8,433937E-4
1,656667E1;-1,933860E-2;8,655169E-4
1,657500E1;-1,961646E-2;8,856624E-4
1,658333E1;-1,990006E-2;9,165015E-4
1,659167E1;-2,015539E-2;9,373358E-4
1,660000E1;-2,041679E-2;9,665848E-4
1,660833E1;-2,066724E-2;9,866796E-4
1,661667E1;-2,091502E-2;1,020924E-3
1,662500E1;-2,114051E-2;1,036791E-3
1,663333E1;-2,138064E-2;1,073765E-3
1,664167E1;-2,159689E-2;1,088683E-3
1,665000E1;-2,180483E-2;1,107877E-3
1,665833E1;-2,201350E-2;1,125023E-3
1,666667E1;-2,221418E-2;1,141482E-3
1,667500E1;-2,239716E-2;1,162744E-3
1,668333E1;-2,257902E-2;1,176081E-3
1,669167E1;-2,275459E-2;1,193559E-3
1,670000E1;-2,291488E-2;1,212230E-3
1,670833E1;-2,306737E-2;1,229231E-3
1,671667E1;-2,322085E-2;1,245916E-3
1,672500E1;-2,335198E-2;1,259936E-3
1,673333E1;-2,348635E-2;1,275299E-3
1,674167E1;-2,360922E-2;1,288246E-3
1,675000E1;-2,372291E-2;1,290199E-3
1,675833E1;-2,383664E-2;1,300846E-3
1,676667E1;-2,393678E-2;1,303912E-3
1,677500E1;-2,403325E-2;1,332633E-3
1,678333E1;-2,411014E-2;1,336327E-3
1,679167E1;-2,418309E-2;1,344259E-3
1,680000E1;-2,424332E-2;1,348890E-3
1,680833E1;-2,429605E-2;1,353922E-3
1,681667E1;-2,434320E-2;1,352306E-3
1,682500E1;-2,437878E-2;1,346872E-3
1,683333E1;-2,440531E-2;1,351836E-3
1,684167E1;-2,442155E-2;1,341053E-3
1,685000E1;-2,443428E-2;1,342355E-3
1,685833E1;-2,444057E-2;1,343882E-3
1,686667E1;-2,443247E-2;1,340144E-3
1,687500E1;-2,442149E-2;1,335607E-3
1,688333E1;-2,440095E-2;1,339924E-3
1,689167E1;-2,436052E-2;1,331739E-3
1,690000E1;-2,432174E-2;1,327803E-3
1,690833E1;-2,426987E-2;1,324249E-3
1,691667E1;-2,421385E-2;1,322408E-3
1,692500E1;-2,414500E-2;1,324328E-3
1,693333E1;-2,405821E-2;1,316517E-3
1,694167E1;-2,397710E-2;1,319495E-3
1,695000E1;-2,387399E-2;1,311976E-3
1,695833E1;-2,376599E-2;1,312983E-3
1,696667E1;-2,365104E-2;1,301796E-3
1,697500E1;-2,353468E-2;1,294260E-3
1,698333E1;-2,341068E-2;1,268676E-3
1,699167E1;-2,327472E-2;1,257220E-3
1,700000E1;-2,312740E-2;1,252522E-3
1,700833E1;-2,297722E-2;1,246098E-3
1,701667E1;-2,280974E-2;1,217648E-3
1,702500E1;-2,263743E-2;1,203258E-3
1,703333E1;-2,246185E-2;1,182005E-3
1,704167E1;-2,227686E-2;1,161843E-3
1,705000E1;-2,207801E-2;1,152664E-3
1,705833E1;-2,187917E-2;1,123227E-3
1,706667E1;-2,166939E-2;1,103934E-3
1,707500E1;-2,146595E-2;1,083473E-3
1,708333E1;-2,123153E-2;1,061585E-3
1,709167E1;-2,099283E-2;1,036830E-3
1,710000E1;-2,075489E-2;1,018678E-3
1,710833E1;-2,050628E-2;9,873992E-4
1,711667E1;-2,025371E-2;9,686545E-4
1,712500E1;-1,998882E-2;9,414935E-4
1,713333E1;-1,972963E-2;9,232110E-4
1,714167E1;-1,944897E-2;8,947878E-4
1,715000E1;-1,916915E-2;8,719959E-4
1,715833E1;-1,887134E-2;8,398306E-4
1,716667E1;-1,858281E-2;8,170299E-4
1,717500E1;-1,827058E-2;7,879276E-4
1,718333E1;-1,795947E-2;7,559474E-4
1,719167E1;-1,764486E-2;7,315292E-4
1,720000E1;-1,731960E-2;7,048590E-4
1,720833E1;-1,699002E-2;6,833869E-4
1,721667E1;-1,665641E-2;6,575885E-4
1,722500E1;-1,630618E-2;6,323708E-4
1,723333E1;-1,596752E-2;6,044933E-4
1,724167E1;-1,561070E-2;5,750893E-4
1,725000E1;-1,525367E-2;5,487870E-4
1,725833E1;-1,487926E-2;5,195691E-4
1,726667E1;-1,451529E-2;5,014985E-4
1,727500E1;-1,413890E-2;4,757036E-4
1,728333E1;-1,376347E-2;4,538096E-4
1,729167E1;-1,336897E-2;4,232476E-4
1,730000E1;-1,299305E-2;3,973771E-4
1,730833E1;-1,258827E-2;3,662551E-4
1,731667E1;-1,219558E-2;3,440451E-4
1,732500E1;-1,179655E-2;3,186697E-4
1,733333E1;-1,139894E-2;2,932538E-4
1,734167E1;-1,098621E-2;2,712944E-4
1,735000E1;-1,056009E-2;2,518797E-4
1,735833E1;-1,016002E-2;2,371693E-4
1,736667E1;-9,727284E-3;2,134117E-4
1,737500E1;-9,299121E-3;1,993586E-4
1,738333E1;-8,884823E-3;1,839846E-4
1,739167E1;-8,443237E-3;1,574963E-4
1,740000E1;-8,011369E-3;1,442526E-4
1,740833E1;-7,584140E-3;1,230422E-4
1,741667E1;-7,149393E-3;1,101526E-4
1,742500E1;-6,696888E-3;9,465849E-5
1,743333E1;-6,252306E-3;9,187795E-5
1,744167E1;-5,810198E-3;8,312687E-5
1,745000E1;-5,361243E-3;6,631415E-5
1,745833E1;-4,907397E-3;5,355237E-5
1,746667E1;-4,447898E-3;4,940026E-5
1,747500E1;-3,995780E-3;3,939890E-5
1,748333E1;-3,535642E-3;3,803288E-5
1,749167E1;-3,076730E-3;3,700069E-5
1,750000E1;-2,623774E-3;2,524008E-5
1,750833E1;-2,167823E-3;1,727757E-5
1,751667E1;-1,701364E-3;1,208520E-5
1,752500E1;-1,239709E-3;3,534568E-6
1,753333E1;-7,844174E-4;2,989520E-6
1,754167E1;-3,216290E-4;1,231732E-6
1,755000E1;1,422531E-4;-8,661099E-7
1,755833E1;6,003994E-4;5,237368E-7
1,756667E1;1,060013E-3;3,207783E-6
1,757500E1;1,530047E-3;9,591790E-6
1,758333E1;1,987812E-3;6,672297E-6
1,759167E1;2,437901E-3;1,157330E-5
1,760000E1;2,900119E-3;1,397530E-5
1,760833E1;3,359163E-3;1,404835E-5
1,761667E1;3,809874E-3;1,863880E-5
1,762500E1;4,265357E-3;2,038813E-5
1,763333E1;4,715243E-3;2,669452E-5
1,764167E1;5,168851E-3;2,536033E-5
1,765000E1;5,628037E-3;3,364801E-5
1,765833E1;6,079135E-3;5,987635E-5
1,766667E1;6,522798E-3;7,290043E-5
1,767500E1;6,991962E-3;8,832427E-5
1,768333E1;7,430278E-3;1,059495E-4
1,769167E1;7,863068E-3;1,170270E-4
1,770000E1;8,311427E-3;1,394368E-4
1,770833E1;8,746856E-3;1,639647E-4
1,771667E1;9,175646E-3;1,829511E-4
1,772500E1;9,621787E-3;1,995355E-4
1,773333E1;1,004584E-2;2,233686E-4
1,774167E1;1,048432E-2;2,448961E-4
1,775000E1;1,089945E-2;2,663614E-4
1,775833E1;1,131228E-2;2,805941E-4
1,776667E1;1,173843E-2;3,102426E-4
1,777500E1;1,214468E-2;3,277539E-4
1,778333E1;1,256351E-2;3,510369E-4
1,779167E1;1,295048E-2;3,819951E-4
1,780000E1;1,335857E-2;4,111189E-4
1,780833E1;1,374183E-2;4,323942E-4
1,781667E1;1,412003E-2;4,532283E-4
1,782500E1;1,451824E-2;4,781219E-4
1,783333E1;1,488237E-2;5,022073E-4
1,784167E1;1,527733E-2;5,210562E-4
1,785000E1;1,562806E-2;5,481291E-4
1,785833E1;1,600579E-2;5,773129E-4
1,786667E1;1,637538E-2;6,154996E-4
1,787500E1;1,671742E-2;6,464274E-4
1,788333E1;1,705757E-2;6,616977E-4
1,789167E1;1,740825E-2;6,933666E-4
1,790000E1;1,773843E-2;7,178879E-4
1,790833E1;1,807736E-2;7,318631E-4
1,791667E1;1,839181E-2;7,565375E-4
1,792500E1;1,871204E-2;7,909223E-4
1,793333E1;1,903409E-2;8,267486E-4
1,794167E1;1,932390E-2;8,541432E-4
1,795000E1;1,963687E-2;8,821571E-4
1,795833E1;1,992055E-2;9,088654E-4
1,796667E1;2,021634E-2;9,385337E-4
1,797500E1;2,047965E-2;9,666683E-4
1,798333E1;2,077099E-2;9,870850E-4
1,799167E1;2,101798E-2;1,024856E-3
1,800000E1;2,128674E-2;1,047061E-3
1,800833E1;2,153287E-2;1,077488E-3
1,801667E1;2,178377E-2;1,091792E-3
1,802500E1;2,201034E-2;1,127654E-3
1,803333E1;2,224146E-2;1,142070E-3
1,804167E1;2,246986E-2;1,158466E-3
1,805000E1;2,267351E-2;1,179308E-3
1,805833E1;2,288176E-2;1,205179E-3
1,806667E1;2,307669E-2;1,233125E-3
1,807500E1;2,327626E-2;1,258646E-3
1,808333E1;2,345498E-2;1,276369E-3
1,809167E1;2,362488E-2;1,287680E-3
1,810000E1;2,379198E-2;1,304327E-3
1,810833E1;2,394566E-2;1,320994E-3
1,811667E1;2,409138E-2;1,340028E-3
1,812500E1;2,423830E-2;1,355723E-3
1,813333E1;2,437059E-2;1,374384E-3
1,814167E1;2,448773E-2;1,387043E-3
1,815000E1;2,459842E-2;1,396438E-3
1,815833E1;2,470748E-2;1,405109E-3
1,816667E1;2,482017E-2;1,413738E-3
1,817500E1;2,491271E-2;1,428166E-3
1,818333E1;2,498907E-2;1,441674E-3
1,819167E1;2,506095E-2;1,445764E-3
1,820000E1;2,512748E-2;1,453159E-3
1,820833E1;2,518899E-2;1,458392E-3
1,821667E1;2,523760E-2;1,454498E-3
1,822500E1;2,528114E-2;1,450633E-3
1,823333E1;2,531102E-2;1,452535E-3
1,824167E1;2,533217E-2;1,449606E-3
1,825000E1;2,534363E-2;1,452221E-3
1,825833E1;2,535506E-2;1,448022E-3
1,826667E1;2,535390E-2;1,444694E-3
1,827500E1;2,535149E-2;1,442715E-3
1,828333E1;2,532979E-2;1,440214E-3
1,829167E1;2,530002E-2;1,438399E-3
1,830000E1;2,526190E-2;1,432968E-3
1,830833E1;2,521658E-2;1,433163E-3
1,831667E1;2,516497E-2;1,428917E-3
1,832500E1;2,510268E-2;1,425218E-3
1,833333E1;2,503010E-2;1,423659E-3
1,834167E1;2,495671E-2;1,417908E-3
1,835000E1;2,487181E-2;1,410173E-3
1,835833E1;2,477414E-2;1,405677E-3
1,836667E1;2,467270E-2;1,379218E-3
1,837500E1;2,456144E-2;1,371248E-3
1,838333E1;2,445109E-2;1,366112E-3
1,839167E1;2,432079E-2;1,359387E-3
1,840000E1;2,417907E-2;1,347850E-3
1,840833E1;2,404131E-2;1,326700E-3
1,841667E1;2,388915E-2;1,313423E-3
1,842500E1;2,373273E-2;1,301360E-3
1,843333E1;2,355330E-2;1,287911E-3
1,844167E1;2,338185E-2;1,270400E-3
1,845000E1;2,320566E-2;1,253227E-3
1,845833E1;2,300805E-2;1,229593E-3
1,846667E1;2,280638E-2;1,210126E-3
1,847500E1;2,259934E-2;1,188395E-3
1,848333E1;2,239048E-2;1,164807E-3
1,849167E1;2,217555E-2;1,146578E-3
1,850000E1;2,193680E-2;1,124532E-3
1,850833E1;2,170574E-2;1,099793E-3
1,851667E1;2,145423E-2;1,078580E-3
1,852500E1;2,120794E-2;1,054100E-3
1,853333E1;2,094040E-2;1,020750E-3
1,854167E1;2,067626E-2;9,910784E-4
1,855000E1;2,039612E-2;9,681970E-4
1,855833E1;2,012436E-2;9,428461E-4
1,856667E1;1,982560E-2;9,215056E-4
1,857500E1;1,954073E-2;8,918554E-4
1,858333E1;1,923503E-2;8,669410E-4
1,859167E1;1,894042E-2;8,447272E-4
1,860000E1;1,862066E-2;8,192774E-4
1,860833E1;1,830860E-2;7,843711E-4
1,861667E1;1,798819E-2;7,574899E-4
1,862500E1;1,766359E-2;7,342140E-4
1,863333E1;1,732422E-2;7,087223E-4
1,864167E1;1,699416E-2;6,801218E-4
1,865000E1;1,663739E-2;6,518854E-4
1,865833E1;1,629385E-2;6,278840E-4
1,866667E1;1,592937E-2;6,033649E-4
1,867500E1;1,557143E-2;5,757889E-4
1,868333E1;1,519559E-2;5,433564E-4
1,869167E1;1,483095E-2;5,138700E-4
1,870000E1;1,443932E-2;4,974148E-4
1,870833E1;1,406838E-2;4,711935E-4
1,871667E1;1,366981E-2;4,475630E-4
1,872500E1;1,328615E-2;4,219682E-4
1,873333E1;1,287937E-2;3,972422E-4
1,874167E1;1,248393E-2;3,666873E-4
1,875000E1;1,207237E-2;3,427825E-4
1,875833E1;1,167266E-2;3,144126E-4
1,876667E1;1,126761E-2;3,034840E-4
1,877500E1;1,083319E-2;2,804387E-4
1,878333E1;1,042422E-2;2,672007E-4
1,879167E1;1,000764E-2;2,474307E-4
1,880000E1;9,564523E-3;2,245740E-4
1,880833E1;9,141366E-3;2,072926E-4
1,881667E1;8,709642E-3;1,940018E-4
1,882500E1;8,258226E-3;1,801082E-4
1,883333E1;7,836536E-3;1,609533E-4
1,884167E1;7,399881E-3;1,476179E-4
1,885000E1;6,939810E-3;1,259538E-4
1,885833E1;6,497278E-3;1,138822E-4
1,886667E1;6,062431E-3;9,794769E-5
1,887500E1;5,615548E-3;9,391154E-5
1,888333E1;5,152580E-3;7,990423E-5
1,889167E1;4,697752E-3;7,356107E-5
1,890000E1;4,251719E-3;5,986681E-5
1,890833E1;3,799825E-3;5,686534E-5
1,891667E1;3,343276E-3;5,184444E-5
1,892500E1;2,899185E-3;4,082078E-5
1,893333E1;2,443956E-3;4,048670E-5
1,894167E1;1,996279E-3;3,464418E-5
1,895000E1;1,534188E-3;3,907395E-5
1,895833E1;1,073634E-3;3,929233E-5
1,896667E1;6,137730E-4;4,006158E-5
1,897500E1;1,491569E-4;4,401827E-5
1,898333E1;-3,022426E-4;4,457439E-5
1,899167E1;-7,587551E-4;4,174848E-5
1,900000E1;-1,215240E-3;4,993472E-5
1,900833E1;-1,680210E-3;4,890186E-5
1,901667E1;-2,140010E-3;5,433776E-5
1,902500E1;-2,596012E-3;5,651290E-5
1,903333E1;-3,047176E-3;6,136191E-5
1,904167E1;-3,501538E-3;6,629658E-5
1,905000E1;-3,957259E-3;6,589301E-5
1,905833E1;-4,411456E-3;6,973478E-5
1,906667E1;-4,869499E-3;7,471682E-5
1,907500E1;-5,318911E-3;8,008402E-5
1,908333E1;-5,750526E-3;8,481821E-5
1,909167E1;-6,201449E-3;1,081083E-4
1,910000E1;-6,646114E-3;1,192367E-4
1,910833E1;-7,087259E-3;1,324651E-4
1,911667E1;-7,508804E-3;1,447791E-4
1,912500E1;-7,950355E-3;1,675481E-4
1,913333E1;-8,381926E-3;1,814568E-4
1,914167E1;-8,804192E-3;1,970777E-4
1,915000E1;-9,234801E-3;2,211391E-4
1,915833E1;-9,660396E-3;2,336539E-4
1,916667E1;-1,007265E-2;2,445894E-4
1,917500E1;-1,049848E-2;2,722676E-4
1,918333E1;-1,092010E-2;2,900700E-4
1,919167E1;-1,132273E-2;3,068469E-4
1,920000E1;-1,172437E-2;3,326160E-4
1,920833E1;-1,211854E-2;3,565974E-4
1,921667E1;-1,251183E-2;3,799046E-4
1,922500E1;-1,290354E-2;4,079240E-4
1,923333E1;-1,328757E-2;4,338700E-4
1,924167E1;-1,367945E-2;4,530835E-4
1,925000E1;-1,404377E-2;4,678222E-4
1,925833E1;-1,442308E-2;4,941547E-4
1,926667E1;-1,478632E-2;5,176143E-4
1,927500E1;-1,515093E-2;5,438685E-4
1,928333E1;-1,550519E-2;5,747354E-4
1,929167E1;-1,584890E-2;5,990818E-4
1,930000E1;-1,619151E-2;6,276067E-4
1,930833E1;-1,652864E-2;6,506385E-4
1,931667E1;-1,685984E-2;6,767857E-4
1,932500E1;-1,719380E-2;6,992251E-4
1,933333E1;-1,749924E-2;7,258029E-4
1,934167E1;-1,781965E-2;7,540926E-4
1,935000E1;-1,812037E-2;7,756077E-4
1,935833E1;-1,842390E-2;8,079347E-4
1,936667E1;-1,870590E-2;8,320533E-4
1,937500E1;-1,899496E-2;8,599534E-4
1,938333E1;-1,926929E-2;8,800194E-4
1,939167E1;-1,954291E-2;9,100972E-4
1,940000E1;-1,981430E-2;9,263667E-4
1,940833E1;-2,006814E-2;9,466066E-4
1,941667E1;-2,031745E-2;9,723770E-4
1,942500E1;-2,055495E-2;9,894503E-4
1,943333E1;-2,079705E-2;1,020134E-3
1,944167E1;-2,101779E-2;1,036402E-3
1,945000E1;-2,123576E-2;1,050986E-3
1,945833E1;-2,144886E-2;1,071854E-3
1,946667E1;-2,165866E-2;1,090219E-3
1,947500E1;-2,186406E-2;1,119328E-3
1,948333E1;-2,204411E-2;1,136058E-3
1,949167E1;-2,222436E-2;1,152231E-3
1,950000E1;-2,239173E-2;1,174305E-3
1,950833E1;-2,255664E-2;1,189279E-3
1,951667E1;-2,270600E-2;1,205627E-3
1,952500E1;-2,285364E-2;1,221772E-3
1,953333E1;-2,299219E-2;1,232571E-3
1,954167E1;-2,312861E-2;1,246650E-3
1,955000E1;-2,323972E-2;1,264698E-3
1,955833E1;-2,335720E-2;1,269776E-3
1,956667E1;-2,346935E-2;1,278846E-3
1,957500E1;-2,357441E-2;1,290612E-3
1,958333E1;-2,367029E-2;1,289088E-3
1,959167E1;-2,375604E-2;1,297786E-3
1,960000E1;-2,381441E-2;1,305195E-3
1,960833E1;-2,386926E-2;1,316369E-3
1,961667E1;-2,392775E-2;1,328848E-3
1,962500E1;-2,396869E-2;1,334997E-3
1,963333E1;-2,400723E-2;1,334873E-3
1,964167E1;-2,403620E-2;1,340465E-3
1,965000E1;-2,405277E-2;1,334328E-3
1,965833E1;-2,406836E-2;1,337218E-3
1,966667E1;-2,407023E-2;1,337009E-3
1,967500E1;-2,406514E-2;1,333338E-3
1,968333E1;-2,405456E-2;1,330639E-3
1,969167E1;-2,403463E-2;1,333046E-3
1,970000E1;-2,399874E-2;1,327868E-3
1,970833E1;-2,395879E-2;1,325350E-3
1,971667E1;-2,390950E-2;1,323023E-3
1,972500E1;-2,385067E-2;1,319791E-3
1,973333E1;-2,378668E-2;1,317433E-3
1,974167E1;-2,371313E-2;1,313419E-3
1,975000E1;-2,362548E-2;1,309694E-3
1,975833E1;-2,353820E-2;1,307357E-3
1,976667E1;-2,343560E-2;1,307431E-3
1,977500E1;-2,333115E-2;1,296445E-3
1,978333E1;-2,321296E-2;1,272867E-3
1,979167E1;-2,309455E-2;1,257479E-3
1,980000E1;-2,295733E-2;1,251264E-3
1,980833E1;-2,282551E-2;1,237212E-3
1,981667E1;-2,267983E-2;1,216616E-3
1,982500E1;-2,252144E-2;1,200396E-3
1,983333E1;-2,236007E-2;1,182165E-3
1,984167E1;-2,218368E-2;1,168508E-3
1,985000E1;-2,199534E-2;1,147278E-3
1,985833E1;-2,181398E-2;1,141283E-3
1,986667E1;-2,160865E-2;1,108683E-3
1,987500E1;-2,140544E-2;1,093030E-3
1,988333E1;-2,120057E-2;1,071978E-3
1,989167E1;-2,097777E-2;1,050730E-3
1,990000E1;-2,075667E-2;1,032393E-3
1,990833E1;-2,051719E-2;1,003845E-3
1,991667E1;-2,027858E-2;9,822719E-4
1,992500E1;-2,001659E-2;9,555623E-4
1,993333E1;-1,976275E-2;9,260664E-4
1,994167E1;-1,949579E-2;8,987939E-4
1,995000E1;-1,923246E-2;8,771517E-4
1,995833E1;-1,895139E-2;8,528664E-4
1,996667E1;-1,866272E-2;8,295978E-4
1,997500E1;-1,837370E-2;8,069578E-4
1,998333E1;-1,806839E-2;7,730018E-4
1,999167E1;-1,776713E-2;7,547780E-4
2,000000E1;-1,745534E-2;7,305155E-4
2,000833E1;-1,713997E-2;7,076525E-4
2,001667E1;-1,681686E-2;6,810551E-4
2,002500E1;-1,648319E-2;6,564715E-4
2,003333E1;-1,614941E-2;6,329175E-4
2,004167E1;-1,580564E-2;6,051625E-4
2,005000E1;-1,545763E-2;5,743431E-4
2,005833E1;-1,511169E-2;5,477253E-4
2,006667E1;-1,474728E-2;5,194286E-4
2,007500E1;-1,438909E-2;5,056787E-4
2,008333E1;-1,401214E-2;4,767172E-4
2,009167E1;-1,363421E-2;4,543804E-4
2,010000E1;-1,326066E-2;4,366475E-4
2,010833E1;-1,287700E-2;4,154603E-4
2,011667E1;-1,249978E-2;3,943934E-4
2,012500E1;-1,209475E-2;3,623765E-4
2,013333E1;-1,170994E-2;3,382803E-4
2,014167E1;-1,130368E-2;3,171014E-4
2,015000E1;-1,089905E-2;2,975495E-4
2,015833E1;-1,049409E-2;2,830619E-4
2,016667E1;-1,007914E-2;2,597252E-4
