t;y;v;
3,330254E-2;1,699298E-2;1,101197E-3
6,660508E-2;1,697301E-2;3,281177E-3
9,990761E-2;1,687959E-2;5,864634E-3
1,332102E-1;1,686092E-2;1,007752E-2
1,665127E-1;1,677318E-2;1,181966E-2
1,998152E-1;1,678030E-2;1,471443E-2
2,331178E-1;1,671424E-2;1,725769E-2
2,664203E-1;1,670601E-2;2,053538E-2
2,997228E-1;1,682075E-2;2,509293E-2
3,330254E-1;1,672753E-2;2,749693E-2
3,663279E-1;1,672529E-2;2,897183E-2
3,996305E-1;1,666537E-2;3,251045E-2
4,329330E-1;1,641728E-2;3,743106E-2
4,662355E-1;1,630383E-2;3,978918E-2
4,995381E-1;1,605806E-2;4,236886E-2
5,328406E-1;1,587171E-2;4,598830E-2
5,661431E-1;1,568277E-2;4,884709E-2
5,994457E-1;1,548010E-2;5,093143E-2
6,327482E-1;1,519883E-2;5,185002E-2
6,660508E-1;1,503063E-2;5,634448E-2
6,993533E-1;1,479195E-2;6,110454E-2
7,326558E-1;1,449330E-2;6,320722E-2
7,659584E-1;1,418677E-2;6,448277E-2
7,992609E-1;1,389901E-2;6,674796E-2
8,325634E-1;1,370196E-2;7,043160E-2
8,658660E-1;1,341670E-2;7,255789E-2
8,991685E-1;1,315279E-2;7,601414E-2
9,324711E-1;1,285900E-2;7,954705E-2
9,657736E-1;1,256450E-2;8,197067E-2
9,990761E-1;1,225557E-2;8,399816E-2
1,032379E0;1,187984E-2;8,742310E-2
1,065681E0;1,154755E-2;8,940082E-2
1,098984E0;1,129227E-2;9,164645E-2
1,132286E0;1,097098E-2;9,453583E-2
1,165589E0;1,068318E-2;9,611511E-2
1,198891E0;1,038997E-2;9,811590E-2
1,232194E0;1,007877E-2;9,984845E-2
1,265496E0;9,746852E-3;1,021217E-1
1,298799E0;9,422465E-3;1,040920E-1
1,332102E0;9,099855E-3;1,052703E-1
1,365404E0;8,753234E-3;1,087688E-1
1,398707E0;8,395432E-3;1,116718E-1
1,432009E0;8,006857E-3;1,121655E-1
1,465312E0;7,644433E-3;1,142838E-1
1,498614E0;7,353832E-3;1,177181E-1
1,531917E0;7,075892E-3;1,205168E-1
1,565219E0;6,807038E-3;1,213233E-1
1,598522E0;6,460747E-3;1,224905E-1
1,631824E0;6,218111E-3;1,238812E-1
1,665127E0;5,951092E-3;1,235495E-1
1,698429E0;5,627048E-3;1,267894E-1
1,731732E0;5,307616E-3;1,277504E-1
1,765034E0;5,046885E-3;1,284891E-1
1,798337E0;4,726313E-3;1,309536E-1
1,831640E0;4,458834E-3;1,333015E-1
1,864942E0;4,194722E-3;1,340633E-1
1,898245E0;3,915831E-3;1,347645E-1
1,931547E0;3,640061E-3;1,364353E-1
1,964850E0;3,372513E-3;1,359753E-1
1,998152E0;3,130536E-3;1,373950E-1
2,031455E0;2,973392E-3;1,406947E-1
2,064757E0;2,696628E-3;1,421788E-1
2,098060E0;2,526020E-3;1,413235E-1
2,131362E0;2,442215E-3;1,432271E-1
2,164665E0;2,166130E-3;1,447573E-1
2,197967E0;1,951260E-3;1,437396E-1
2,231270E0;1,758070E-3;1,440292E-1
2,264573E0;1,562842E-3;1,444121E-1
2,297875E0;1,334568E-3;1,441541E-1
2,331178E0;1,095769E-3;1,462006E-1
2,364480E0;1,042934E-3;1,486918E-1
2,397783E0;9,190249E-4;1,467982E-1
2,431085E0;8,232898E-4;1,453015E-1
2,464388E0;7,078021E-4;1,487092E-1
2,497690E0;5,780746E-4;1,500609E-1
2,530993E0;5,051057E-4;1,510423E-1
2,564295E0;4,133318E-4;1,479759E-1
2,597598E0;3,474234E-4;1,460695E-1
2,630900E0;2,744482E-4;1,496021E-1
2,664203E0;1,412014E-4;1,506069E-1
2,697506E0;1,345042E-4;1,501489E-1
2,730808E0;1,011934E-4;1,507472E-1
2,764111E0;2,491693E-5;1,508183E-1
2,797413E0;3,767617E-5;1,492031E-1
2,830716E0;7,724566E-5;1,485177E-1
2,864018E0;1,136306E-4;1,486839E-1
2,897321E0;1,031115E-4;1,478412E-1
2,930623E0;1,057603E-4;1,473303E-1
2,963926E0;1,697335E-4;1,478688E-1
2,997228E0;1,931590E-4;1,463032E-1
3,030531E0;2,131748E-4;1,450635E-1
3,063833E0;2,801705E-4;1,464285E-1
3,097136E0;3,116741E-4;1,457366E-1
3,130439E0;3,393901E-4;1,477483E-1
3,163741E0;5,878336E-4;1,478155E-1
3,197044E0;6,952782E-4;1,453368E-1
3,230346E0;8,459172E-4;1,476456E-1
3,263649E0;9,693052E-4;1,445276E-1
3,296951E0;1,178443E-3;1,400387E-1
3,330254E0;1,409770E-3;1,447966E-1
3,363556E0;1,631785E-3;1,440078E-1
3,396859E0;1,840058E-3;1,412647E-1
3,430161E0;2,035533E-3;1,397333E-1
3,463464E0;2,311495E-3;1,406158E-1
3,496766E0;2,476681E-3;1,407093E-1
3,530069E0;2,813490E-3;1,346928E-1
3,563372E0;2,970977E-3;1,367707E-1
3,596674E0;3,179023E-3;1,355014E-1
3,629977E0;3,449959E-3;1,346949E-1
3,663279E0;3,744282E-3;1,370378E-1
3,696582E0;4,161553E-3;1,324049E-1
3,729884E0;4,457254E-3;1,314171E-1
3,763187E0;4,680081E-3;1,307745E-1
3,796489E0;5,010161E-3;1,284775E-1
3,829792E0;5,279804E-3;1,255620E-1
3,863094E0;5,620370E-3;1,247250E-1
3,896397E0;5,921966E-3;1,276236E-1
3,929699E0;6,271013E-3;1,228220E-1
3,963002E0;6,595985E-3;1,217011E-1
3,996305E0;6,718112E-3;1,189424E-1
4,029607E0;7,128665E-3;1,169491E-1
4,062910E0;7,422476E-3;1,159625E-1
4,096212E0;7,691086E-3;1,133461E-1
4,129515E0;8,021128E-3;1,131077E-1
4,162817E0;8,344016E-3;1,087704E-1
4,196120E0;8,649818E-3;1,087020E-1
4,229422E0;9,006929E-3;1,095282E-1
4,262725E0;9,392897E-3;1,037363E-1
4,296027E0;9,656963E-3;1,022427E-1
4,329330E0;1,006288E-2;1,036414E-1
4,362632E0;1,041196E-2;9,763314E-2
4,395935E0;1,069255E-2;9,653904E-2
4,429238E0;1,101377E-2;9,307327E-2
4,462540E0;1,139414E-2;9,189229E-2
4,495843E0;1,161080E-2;9,101453E-2
4,529145E0;1,184738E-2;8,692199E-2
4,562448E0;1,216139E-2;8,727366E-2
4,595750E0;1,250464E-2;8,250961E-2
4,629053E0;1,280619E-2;7,809862E-2
4,662355E0;1,297519E-2;7,769699E-2
4,695658E0;1,327543E-2;7,825308E-2
4,728960E0;1,362353E-2;7,464592E-2
4,762263E0;1,385461E-2;7,035436E-2
4,795565E0;1,419973E-2;6,886566E-2
4,828868E0;1,450407E-2;6,750859E-2
4,862170E0;1,470390E-2;6,293739E-2
4,895473E0;1,497476E-2;6,154415E-2
4,928776E0;1,524158E-2;6,040132E-2
4,962078E0;1,539404E-2;5,436716E-2
4,995381E0;1,564998E-2;5,238293E-2
5,028683E0;1,583097E-2;4,975656E-2
5,061986E0;1,606436E-2;4,789523E-2
5,095288E0;1,626896E-2;4,449488E-2
5,128591E0;1,643136E-2;3,851300E-2
5,161893E0;1,662020E-2;3,861708E-2
5,195196E0;1,672937E-2;3,666780E-2
5,228498E0;1,696712E-2;3,168499E-2
5,261801E0;1,706423E-2;2,907202E-2
5,295103E0;1,709409E-2;2,668985E-2
5,328406E0;1,720580E-2;2,514423E-2
5,361709E0;1,721704E-2;2,315844E-2
5,395011E0;1,735659E-2;2,034999E-2
5,428314E0;1,743415E-2;1,736220E-2
5,461616E0;1,757106E-2;1,384792E-2
5,494919E0;1,758664E-2;9,890420E-3
5,528221E0;1,756242E-2;6,467327E-3
5,561524E0;1,756140E-2;3,788438E-3
5,594826E0;1,756197E-2;5,892712E-4
5,628129E0;1,757979E-2;3,186280E-3
5,661431E0;1,754942E-2;4,456879E-3
5,694734E0;1,753910E-2;7,149462E-3
5,728036E0;1,748389E-2;1,063002E-2
5,761339E0;1,744660E-2;1,379267E-2
5,794642E0;1,733230E-2;1,752540E-2
5,827944E0;1,734655E-2;2,002901E-2
5,861247E0;1,732167E-2;2,130998E-2
5,894549E0;1,725200E-2;2,412782E-2
5,927852E0;1,724033E-2;2,741576E-2
5,961154E0;1,719218E-2;3,027782E-2
5,994457E0;1,696111E-2;3,206069E-2
6,027759E0;1,686050E-2;3,502861E-2
6,061062E0;1,673483E-2;3,889081E-2
6,094364E0;1,657002E-2;4,089078E-2
6,127667E0;1,630435E-2;4,326953E-2
6,160969E0;1,619099E-2;4,689592E-2
6,194272E0;1,605913E-2;4,848296E-2
6,227575E0;1,580625E-2;5,136531E-2
6,260877E0;1,559131E-2;5,481786E-2
6,294180E0;1,532699E-2;5,772696E-2
6,327482E0;1,505575E-2;6,009871E-2
6,360785E0;1,475345E-2;6,217318E-2
6,394087E0;1,459910E-2;6,641335E-2
6,427390E0;1,437688E-2;6,650665E-2
6,460692E0;1,408712E-2;6,845281E-2
6,493995E0;1,378472E-2;7,241399E-2
6,527297E0;1,366284E-2;7,435439E-2
6,560600E0;1,334288E-2;7,662462E-2
6,593902E0;1,306009E-2;8,011387E-2
6,627205E0;1,288605E-2;8,240600E-2
6,660508E0;1,256485E-2;8,373016E-2
6,693810E0;1,222296E-2;8,795254E-2
6,727113E0;1,190812E-2;8,860090E-2
6,760415E0;1,158861E-2;9,122838E-2
6,793718E0;1,130962E-2;9,410266E-2
6,827020E0;1,092731E-2;9,561975E-2
6,860323E0;1,069222E-2;9,776682E-2
6,893625E0;1,038219E-2;9,947261E-2
6,926928E0;1,003886E-2;1,030669E-1
6,960230E0;9,672423E-3;1,032642E-1
6,993533E0;9,487955E-3;1,046227E-1
7,026835E0;9,117008E-3;1,084494E-1
7,060138E0;8,799250E-3;1,081833E-1
7,093441E0;8,437937E-3;1,113515E-1
7,126743E0;8,161580E-3;1,135453E-1
7,160046E0;7,796503E-3;1,137388E-1
7,193348E0;7,509228E-3;1,138260E-1
7,226651E0;7,294680E-3;1,164751E-1
7,259953E0;6,965198E-3;1,239839E-1
7,293256E0;6,616822E-3;1,213752E-1
7,326558E0;6,326075E-3;1,214451E-1
7,359861E0;5,977102E-3;1,259441E-1
7,393163E0;5,566914E-3;1,249911E-1
7,426466E0;5,264518E-3;1,276145E-1
7,459768E0;5,069666E-3;1,275924E-1
7,493071E0;4,690878E-3;1,301932E-1
7,526374E0;4,410917E-3;1,317497E-1
7,559676E0;4,180517E-3;1,326062E-1
7,592979E0;3,993074E-3;1,331483E-1
7,626281E0;3,532028E-3;1,349949E-1
7,659584E0;3,368991E-3;1,368773E-1
7,692886E0;3,124035E-3;1,368180E-1
7,726189E0;2,893562E-3;1,382375E-1
7,759491E0;2,666599E-3;1,351480E-1
7,792794E0;2,485704E-3;1,403745E-1
7,826096E0;2,267188E-3;1,417044E-1
7,859399E0;2,025959E-3;1,429571E-1
7,892701E0;1,874027E-3;1,446399E-1
7,926004E0;1,651802E-3;1,435026E-1
7,959307E0;1,418188E-3;1,442161E-1
7,992609E0;1,217764E-3;1,421878E-1
8,025912E0;1,050963E-3;1,420379E-1
8,059214E0;1,008931E-3;1,430013E-1
8,092517E0;9,253457E-4;1,471930E-1
8,125819E0;8,313564E-4;1,476599E-1
8,159122E0;6,350694E-4;1,462759E-1
8,192424E0;6,134726E-4;1,461996E-1
8,225727E0;5,105079E-4;1,448556E-1
8,259029E0;4,387202E-4;1,473934E-1
8,292332E0;4,254586E-4;1,469018E-1
8,325634E0;3,949327E-4;1,469305E-1
8,358937E0;4,156435E-4;1,497063E-1
8,392239E0;4,400360E-4;1,487406E-1
8,425542E0;4,576820E-4;1,480949E-1
8,458845E0;4,404999E-4;1,487053E-1
8,492147E0;4,954474E-4;1,491757E-1
8,525450E0;4,970312E-4;1,504653E-1
8,558752E0;5,595896E-4;1,484530E-1
8,592055E0;5,716984E-4;1,480211E-1
8,625357E0;6,086109E-4;1,496771E-1
8,658660E0;6,845452E-4;1,479981E-1
8,691962E0;6,943463E-4;1,485061E-1
8,725265E0;7,269884E-4;1,499058E-1
8,758567E0;7,511994E-4;1,483049E-1
8,791870E0;7,764700E-4;1,478451E-1
8,825172E0;8,538509E-4;1,450768E-1
8,858475E0;9,370737E-4;1,446291E-1
8,891778E0;1,142786E-3;1,466960E-1
8,925080E0;1,235393E-3;1,439388E-1
8,958383E0;1,439967E-3;1,439965E-1
8,991685E0;1,666955E-3;1,450396E-1
9,024988E0;1,826401E-3;1,439972E-1
9,058290E0;2,030249E-3;1,423589E-1
9,091593E0;2,261341E-3;1,425889E-1
9,124895E0;2,396007E-3;1,407270E-1
9,158198E0;2,557041E-3;1,385390E-1
9,191500E0;2,751654E-3;1,373028E-1
9,224803E0;3,013081E-3;1,372673E-1
9,258105E0;3,255974E-3;1,380126E-1
9,291408E0;3,507564E-3;1,338297E-1
9,324711E0;3,689554E-3;1,345521E-1
9,358013E0;4,041223E-3;1,329331E-1
9,391316E0;4,218241E-3;1,301017E-1
9,424618E0;4,480354E-3;1,306736E-1
9,457921E0;4,750297E-3;1,291208E-1
9,491223E0;4,989044E-3;1,274655E-1
9,524526E0;5,252131E-3;1,260436E-1
9,557828E0;5,554047E-3;1,236155E-1
9,591131E0;5,823656E-3;1,200875E-1
9,624433E0;6,167910E-3;1,205382E-1
9,657736E0;6,494311E-3;1,190863E-1
9,691038E0;6,783593E-3;1,168477E-1
9,724341E0;7,089686E-3;1,158256E-1
9,757644E0;7,334949E-3;1,140595E-1
9,790946E0;7,677044E-3;1,123353E-1
9,824249E0;7,958309E-3;1,080821E-1
9,857551E0;8,291584E-3;1,068474E-1
9,890854E0;8,700482E-3;1,055767E-1
9,924156E0;8,978467E-3;1,032139E-1
9,957459E0;9,292603E-3;1,010280E-1
9,990761E0;9,508994E-3;9,887605E-2
1,002406E1;9,840931E-3;9,757722E-2
1,005737E1;1,013125E-2;9,432692E-2
1,009067E1;1,041111E-2;9,307422E-2
1,012397E1;1,074579E-2;9,037053E-2
1,015727E1;1,101936E-2;8,765201E-2
1,019058E1;1,130305E-2;8,575194E-2
1,022388E1;1,156093E-2;8,253423E-2
1,025718E1;1,187396E-2;7,978552E-2
1,029048E1;1,212296E-2;7,771796E-2
1,032379E1;1,242933E-2;7,427175E-2
1,035709E1;1,270343E-2;7,148484E-2
1,039039E1;1,291197E-2;6,847263E-2
1,042369E1;1,310892E-2;6,687281E-2
1,045700E1;1,344804E-2;6,517277E-2
1,049030E1;1,366417E-2;6,094062E-2
1,052360E1;1,384413E-2;5,854508E-2
1,055690E1;1,414660E-2;5,566958E-2
1,059021E1;1,431941E-2;5,354278E-2
1,062351E1;1,450570E-2;5,003647E-2
1,065681E1;1,471114E-2;4,677832E-2
1,069011E1;1,489469E-2;4,552924E-2
1,072342E1;1,499610E-2;4,176806E-2
1,075672E1;1,514085E-2;3,865544E-2
1,079002E1;1,530733E-2;3,754385E-2
1,082332E1;1,547216E-2;3,472042E-2
1,085663E1;1,555020E-2;3,097589E-2
1,088993E1;1,556376E-2;2,846450E-2
1,092323E1;1,558063E-2;2,438144E-2
1,095653E1;1,573746E-2;2,105420E-2
1,098984E1;1,587140E-2;1,902442E-2
1,102314E1;1,596671E-2;1,545541E-2
1,105644E1;1,599030E-2;1,261841E-2
1,108975E1;1,598569E-2;1,059387E-2
1,112305E1;1,607060E-2;7,159780E-3
1,115635E1;1,599251E-2;4,493431E-3
1,118965E1;1,599321E-2;2,342145E-3
1,122296E1;1,597163E-2;9,888351E-4
1,125626E1;1,595247E-2;3,506322E-3
1,128956E1;1,589003E-2;6,540176E-3
1,132286E1;1,589172E-2;1,044209E-2
1,135617E1;1,589589E-2;1,336777E-2
1,138947E1;1,590344E-2;1,650024E-2
1,142277E1;1,587665E-2;1,994334E-2
1,145607E1;1,578011E-2;2,179808E-2
1,148938E1;1,571452E-2;2,315933E-2
1,152268E1;1,571659E-2;2,678890E-2
1,155598E1;1,570998E-2;3,037482E-2
1,158928E1;1,565035E-2;3,144229E-2
1,162259E1;1,558563E-2;3,408996E-2
1,165589E1;1,533552E-2;3,759400E-2
1,168919E1;1,526188E-2;4,034256E-2
1,172249E1;1,506211E-2;4,253995E-2
1,175580E1;1,485478E-2;4,615283E-2
1,178910E1;1,470808E-2;4,862247E-2
1,182240E1;1,457042E-2;4,995219E-2
1,185570E1;1,424980E-2;5,310843E-2
1,188901E1;1,412716E-2;5,527362E-2
1,192231E1;1,391108E-2;5,927792E-2
1,195561E1;1,366010E-2;6,140827E-2
1,198891E1;1,351837E-2;6,316397E-2
1,202222E1;1,322674E-2;6,614361E-2
1,205552E1;1,300729E-2;6,905287E-2
1,208882E1;1,271497E-2;7,033212E-2
1,212212E1;1,247846E-2;7,364661E-2
1,215543E1;1,214004E-2;7,668676E-2
1,218873E1;1,191821E-2;7,848878E-2
1,222203E1;1,159181E-2;8,112210E-2
1,225533E1;1,135170E-2;8,275859E-2
1,228864E1;1,105256E-2;8,517936E-2
1,232194E1;1,079904E-2;8,757703E-2
1,235524E1;1,047262E-2;8,935630E-2
1,238854E1;1,020794E-2;9,171086E-2
1,242185E1;9,879640E-3;9,469436E-2
1,245515E1;9,661738E-3;9,524346E-2
1,248845E1;9,294635E-3;9,899623E-2
1,252175E1;8,974767E-3;1,009890E-1
1,255506E1;8,772205E-3;1,025302E-1
1,258836E1;8,367163E-3;1,052784E-1
1,262166E1;8,108469E-3;1,057898E-1
1,265496E1;7,709483E-3;1,081044E-1
1,268827E1;7,364648E-3;1,100499E-1
1,272157E1;7,089267E-3;1,109101E-1
1,275487E1;6,786190E-3;1,126006E-1
1,278817E1;6,567767E-3;1,166504E-1
1,282148E1;6,220515E-3;1,171639E-1
1,285478E1;5,947538E-3;1,180311E-1
1,288808E1;5,653811E-3;1,205132E-1
1,292138E1;5,372726E-3;1,201103E-1
1,295469E1;5,104564E-3;1,239479E-1
1,298799E1;4,774070E-3;1,250568E-1
1,302129E1;4,584104E-3;1,272616E-1
1,305459E1;4,286567E-3;1,281929E-1
1,308790E1;4,022607E-3;1,278218E-1
1,312120E1;3,653432E-3;1,307099E-1
1,315450E1;3,397948E-3;1,307909E-1
1,318780E1;3,169651E-3;1,325703E-1
1,322111E1;2,951420E-3;1,349215E-1
1,325441E1;2,683417E-3;1,369722E-1
1,328771E1;2,525888E-3;1,358361E-1
1,332102E1;2,359744E-3;1,366921E-1
1,335432E1;2,138190E-3;1,404947E-1
1,338762E1;1,977667E-3;1,399781E-1
1,342092E1;1,752109E-3;1,398382E-1
1,345423E1;1,539197E-3;1,391474E-1
1,348753E1;1,327366E-3;1,409297E-1
1,352083E1;1,198108E-3;1,441501E-1
1,355413E1;1,051713E-3;1,449024E-1
1,358744E1;9,334522E-4;1,460634E-1
1,362074E1;9,541563E-4;1,438482E-1
1,365404E1;8,651796E-4;1,450050E-1
1,368734E1;6,762674E-4;1,478717E-1
1,372065E1;5,721923E-4;1,458560E-1
1,375395E1;4,762410E-4;1,472415E-1
1,378725E1;4,796090E-4;1,492727E-1
1,382055E1;4,367243E-4;1,474517E-1
1,385386E1;4,427742E-4;1,482951E-1
1,388716E1;3,769021E-4;1,495841E-1
1,392046E1;3,851755E-4;1,497864E-1
1,395376E1;4,049013E-4;1,486708E-1
1,398707E1;4,215259E-4;1,481466E-1
1,402037E1;4,811653E-4;1,504804E-1
1,405367E1;4,425366E-4;1,492292E-1
1,408697E1;5,115581E-4;1,491730E-1
1,412028E1;5,040983E-4;1,496348E-1
1,415358E1;5,496284E-4;1,470852E-1
1,418688E1;5,904751E-4;1,479844E-1
1,422018E1;6,077628E-4;1,484788E-1
1,425349E1;7,324066E-4;1,467169E-1
1,428679E1;7,698161E-4;1,475635E-1
1,432009E1;7,724218E-4;1,480438E-1
1,435339E1;7,858212E-4;1,447922E-1
1,438670E1;7,970148E-4;1,464555E-1
1,442000E1;9,984802E-4;1,483040E-1
1,445330E1;1,119178E-3;1,436624E-1
1,448660E1;1,250251E-3;1,419095E-1
1,451991E1;1,365901E-3;1,460749E-1
1,455321E1;1,610821E-3;1,450743E-1
1,458651E1;1,740897E-3;1,441473E-1
1,461981E1;2,002435E-3;1,422559E-1
1,465312E1;2,224388E-3;1,377111E-1
1,468642E1;2,380832E-3;1,412513E-1
1,471972E1;2,547508E-3;1,405382E-1
1,475302E1;2,858290E-3;1,383214E-1
1,478633E1;3,120711E-3;1,372703E-1
1,481963E1;3,322528E-3;1,368101E-1
1,485293E1;3,592392E-3;1,352656E-1
1,488623E1;3,882048E-3;1,328635E-1
1,491954E1;4,210424E-3;1,318827E-1
1,495284E1;4,466361E-3;1,309828E-1
1,498614E1;4,695768E-3;1,289918E-1
1,501944E1;4,983580E-3;1,269747E-1
1,505275E1;5,251203E-3;1,256663E-1
1,508605E1;5,499013E-3;1,248183E-1
1,511935E1;5,864894E-3;1,256155E-1
1,515265E1;6,250329E-3;1,214614E-1
1,518596E1;6,491269E-3;1,193689E-1
1,521926E1;6,811758E-3;1,166209E-1
1,525256E1;7,157756E-3;1,161419E-1
1,528586E1;7,474060E-3;1,155119E-1
1,531917E1;7,740029E-3;1,122105E-1
1,535247E1;8,075397E-3;1,135174E-1
1,538577E1;8,447595E-3;1,095795E-1
1,541907E1;8,663575E-3;1,066247E-1
1,545238E1;8,918513E-3;1,064002E-1
1,548568E1;9,395201E-3;1,011396E-1
1,551898E1;9,644722E-3;9,968916E-2
1,555229E1;9,933403E-3;9,688162E-2
1,558559E1;1,029577E-2;9,428561E-2
1,561889E1;1,059021E-2;9,224710E-2
1,565219E1;1,089406E-2;9,117169E-2
1,568550E1;1,117560E-2;9,054044E-2
1,571880E1;1,143003E-2;8,667870E-2
1,575210E1;1,170461E-2;8,626360E-2
1,578540E1;1,197006E-2;8,200526E-2
1,581871E1;1,232132E-2;7,944357E-2
1,585201E1;1,258166E-2;7,781992E-2
1,588531E1;1,286674E-2;7,531967E-2
1,591861E1;1,307723E-2;7,231524E-2
1,595192E1;1,342116E-2;6,970298E-2
1,598522E1;1,359926E-2;6,685730E-2
1,601852E1;1,389394E-2;6,246944E-2
1,605182E1;1,399477E-2;6,191574E-2
1,608513E1;1,428123E-2;6,045864E-2
1,611843E1;1,457771E-2;5,835624E-2
1,615173E1;1,467317E-2;5,459518E-2
1,618503E1;1,496476E-2;5,066839E-2
1,621834E1;1,507000E-2;5,021200E-2
1,625164E1;1,519622E-2;4,749271E-2
1,628494E1;1,553558E-2;4,419465E-2
1,631824E1;1,556888E-2;4,198078E-2
1,635155E1;1,573285E-2;3,828293E-2
1,638485E1;1,590572E-2;3,480954E-2
1,641815E1;1,603004E-2;3,229994E-2
1,645145E1;1,610895E-2;2,974517E-2
1,648476E1;1,617075E-2;2,822233E-2
1,651806E1;1,622095E-2;2,598258E-2
1,655136E1;1,645379E-2;2,245655E-2
1,658466E1;1,654571E-2;2,045846E-2
1,661797E1;1,658384E-2;1,826132E-2
1,665127E1;1,663569E-2;1,481939E-2
1,668457E1;1,667472E-2;1,198633E-2
1,671787E1;1,663937E-2;8,748575E-3
1,675118E1;1,666208E-2;5,608840E-3
1,678448E1;1,661337E-2;3,716516E-3
1,681778E1;1,656933E-2;9,943459E-4
1,685108E1;1,655760E-2;2,543593E-3
1,688439E1;1,656069E-2;3,944460E-3
1,691769E1;1,651731E-2;5,604922E-3
1,695099E1;1,650632E-2;9,090336E-3
1,698429E1;1,647688E-2;1,176517E-2
1,701760E1;1,645178E-2;1,372716E-2
1,705090E1;1,641146E-2;1,675395E-2
1,708420E1;1,642249E-2;1,909338E-2
1,711750E1;1,633591E-2;2,246160E-2
1,715081E1;1,627779E-2;2,608308E-2
1,718411E1;1,624170E-2;2,888129E-2
1,721741E1;1,611812E-2;3,252270E-2
1,725071E1;1,593855E-2;3,462576E-2
1,728402E1;1,577318E-2;3,565126E-2
1,731732E1;1,572323E-2;3,800967E-2
1,735062E1;1,559475E-2;4,145002E-2
1,738392E1;1,538905E-2;4,479275E-2
1,741723E1;1,519174E-2;4,776144E-2
1,745053E1;1,506167E-2;5,090815E-2
1,748383E1;1,488513E-2;5,201207E-2
1,751713E1;1,472852E-2;5,337105E-2
1,755044E1;1,446694E-2;5,665554E-2
1,758374E1;1,429744E-2;5,982375E-2
1,761704E1;1,399838E-2;6,142567E-2
1,765034E1;1,374753E-2;6,287472E-2
1,768365E1;1,357843E-2;6,630004E-2
1,771695E1;1,341357E-2;6,784256E-2
1,775025E1;1,308066E-2;7,195329E-2
1,778356E1;1,293298E-2;7,391934E-2
1,781686E1;1,259283E-2;7,568119E-2
1,785016E1;1,228276E-2;7,903787E-2
1,788346E1;1,200497E-2;8,119273E-2
1,791677E1;1,171818E-2;8,566508E-2
1,795007E1;1,135904E-2;8,551667E-2
1,798337E1;1,110358E-2;8,709387E-2
1,801667E1;1,081845E-2;8,960587E-2
1,804998E1;1,056261E-2;9,174865E-2
1,808328E1;1,022397E-2;9,552295E-2
1,811658E1;9,816205E-3;9,481144E-2
1,814988E1;9,552524E-3;9,774745E-2
1,818319E1;9,259609E-3;1,000634E-1
1,821649E1;8,850282E-3;1,016400E-1
1,824979E1;8,661539E-3;1,044797E-1
1,828309E1;8,408854E-3;1,059344E-1
1,831640E1;8,074663E-3;1,108241E-1
1,834970E1;7,685206E-3;1,112870E-1
1,838300E1;7,359072E-3;1,116620E-1
1,841630E1;7,049228E-3;1,129298E-1
1,844961E1;6,815744E-3;1,159296E-1
1,848291E1;6,563795E-3;1,160965E-1
1,851621E1;6,287934E-3;1,169702E-1
1,854951E1;5,983942E-3;1,227844E-1
1,858282E1;5,566923E-3;1,228544E-1
1,861612E1;5,281261E-3;1,247442E-1
1,864942E1;5,055788E-3;1,254869E-1
1,868272E1;4,806668E-3;1,260567E-1
1,871603E1;4,432700E-3;1,282082E-1
1,874933E1;4,163745E-3;1,304172E-1
1,878263E1;3,978029E-3;1,312577E-1
1,881593E1;3,677774E-3;1,329948E-1
1,884924E1;3,352484E-3;1,332043E-1
1,888254E1;3,146942E-3;1,337432E-1
1,891584E1;2,936694E-3;1,372282E-1
1,894914E1;2,728566E-3;1,344735E-1
1,898245E1;2,497014E-3;1,388070E-1
1,901575E1;2,340384E-3;1,407500E-1
1,904905E1;2,160043E-3;1,353052E-1
1,908235E1;1,999462E-3;1,416757E-1
1,911566E1;1,813390E-3;1,442316E-1
1,914896E1;1,618212E-3;1,425427E-1
1,918226E1;1,405212E-3;1,431709E-1
1,921556E1;1,217378E-3;1,419984E-1
1,924887E1;1,066120E-3;1,426138E-1
1,928217E1;9,792897E-4;1,427231E-1
1,931547E1;9,362942E-4;1,464280E-1
1,934877E1;7,882582E-4;1,480772E-1
1,938208E1;6,609897E-4;1,462599E-1
1,941538E1;5,287587E-4;1,455240E-1
1,944868E1;4,369633E-4;1,484915E-1
1,948198E1;3,607397E-4;1,511139E-1
1,951529E1;2,703443E-4;1,465413E-1
1,954859E1;1,625623E-4;1,458993E-1
1,958189E1;1,074528E-4;1,478847E-1
1,961519E1;1,150004E-4;1,476726E-1
1,964850E1;7,195677E-5;1,493214E-1
1,968180E1;7,435682E-5;1,494043E-1
1,971510E1;1,127570E-4;1,484839E-1
1,974840E1;1,123297E-4;1,479832E-1
1,978171E1;1,214175E-4;1,479116E-1
1,981501E1;1,291656E-4;1,493300E-1
1,984831E1;1,809176E-4;1,502762E-1
1,988161E1;2,028783E-4;1,496985E-1
1,991492E1;2,181280E-4;1,482174E-1
1,994822E1;3,123458E-4;1,468346E-1
1,998152E1;3,081551E-4;1,474480E-1
2,001483E1;3,326512E-4;1,450405E-1
2,004813E1;3,754280E-4;1,439832E-1
2,008143E1;6,467522E-4;1,462629E-1
2,011473E1;8,073147E-4;1,434101E-1
2,014804E1;9,479466E-4;1,413740E-1
2,018134E1;1,142970E-3;1,432859E-1
2,021464E1;1,290912E-3;1,413445E-1
2,024794E1;1,497834E-3;1,385240E-1
2,028125E1;1,719914E-3;1,396792E-1
2,031455E1;1,956057E-3;1,403071E-1
2,034785E1;2,225622E-3;1,376549E-1
2,038115E1;2,387376E-3;1,338462E-1
2,041446E1;2,619137E-3;1,343258E-1
2,044776E1;2,838967E-3;1,348858E-1
2,048106E1;3,048019E-3;1,335579E-1
2,051436E1;3,252398E-3;1,317151E-1
2,054767E1;3,554754E-3;1,316452E-1
2,058097E1;3,895786E-3;1,301235E-1
2,061427E1;4,154863E-3;1,270184E-1
2,064757E1;4,400572E-3;1,263117E-1
2,068088E1;4,671675E-3;1,260726E-1
2,071418E1;4,944432E-3;1,226794E-1
2,074748E1;5,178448E-3;1,210545E-1
2,078078E1;5,466720E-3;1,216945E-1
2,081409E1;5,787863E-3;1,191134E-1
2,084739E1;6,045015E-3;1,164306E-1
2,088069E1;6,364458E-3;1,159289E-1
2,091399E1;6,658309E-3;1,129726E-1
2,094730E1;6,922810E-3;1,104490E-1
2,098060E1;7,177670E-3;1,098526E-1
2,101390E1;7,408519E-3;1,068386E-1
2,104720E1;7,675271E-3;1,060459E-1
2,108051E1;8,029279E-3;1,034085E-1
2,111381E1;8,313371E-3;1,015684E-1
2,114711E1;8,597333E-3;9,978993E-2
2,118041E1;8,902539E-3;9,683616E-2
2,121372E1;9,172109E-3;9,408157E-2
2,124702E1;9,385635E-3;9,261363E-2
2,128032E1;9,769855E-3;9,171501E-2
2,131362E1;1,001193E-2;8,791631E-2
2,134693E1;1,040595E-2;8,568341E-2
2,138023E1;1,066396E-2;8,474496E-2
2,141353E1;1,088225E-2;8,168636E-2
2,144683E1;1,108183E-2;7,986869E-2
2,148014E1;1,135683E-2;7,832286E-2
2,151344E1;1,158392E-2;7,563249E-2
2,154674E1;1,184467E-2;7,323538E-2
2,158004E1;1,202757E-2;7,044222E-2
2,161335E1;1,234127E-2;6,655010E-2
2,164665E1;1,259667E-2;6,382365E-2
2,167995E1;1,284559E-2;6,202706E-2
2,171325E1;1,303242E-2;5,963091E-2
2,174656E1;1,325332E-2;5,882482E-2
2,177986E1;1,347573E-2;5,423475E-2
2,181316E1;1,370185E-2;5,087706E-2
2,184646E1;1,383901E-2;5,117742E-2
2,187977E1;1,401520E-2;4,734172E-2
2,191307E1;1,414090E-2;4,416331E-2
2,194637E1;1,441205E-2;4,197849E-2
2,197967E1;1,450571E-2;3,801532E-2
2,201298E1;1,467971E-2;3,569895E-2
2,204628E1;1,485008E-2;3,309917E-2
2,207958E1;1,498965E-2;3,002044E-2
2,211289E1;1,503753E-2;2,826914E-2
2,214619E1;1,505371E-2;2,525463E-2
2,217949E1;1,512522E-2;2,184774E-2
2,221279E1;1,522744E-2;2,058002E-2
2,224610E1;1,535915E-2;1,865008E-2
2,227940E1;1,539633E-2;1,556305E-2
2,231270E1;1,544987E-2;1,274606E-2
2,234600E1;1,546383E-2;9,918022E-3
2,237931E1;1,549427E-2;6,852688E-3
2,241261E1;1,551242E-2;2,143498E-3
2,244591E1;1,553595E-2;9,961986E-4
2,247921E1;1,549732E-2;2,840260E-3
2,251252E1;1,545590E-2;4,435051E-3
2,254582E1;1,541219E-2;6,187735E-3
2,257912E1;1,542278E-2;1,013777E-2
2,261242E1;1,532473E-2;1,285687E-2
2,264573E1;1,531400E-2;1,480137E-2
2,267903E1;1,528408E-2;1,766053E-2
2,271233E1;1,531145E-2;2,153633E-2
2,274563E1;1,519216E-2;2,455713E-2
2,277894E1;1,522450E-2;2,586984E-2
2,281224E1;1,507206E-2;2,871046E-2
2,284554E1;1,488455E-2;3,174537E-2
2,287884E1;1,474630E-2;3,444106E-2
2,291215E1;1,471346E-2;3,663329E-2
2,294545E1;1,458744E-2;4,075580E-2
2,297875E1;1,434753E-2;4,450782E-2
2,301205E1;1,413900E-2;4,402193E-2
2,304536E1;1,403079E-2;4,673568E-2
2,307866E1;1,377743E-2;5,137289E-2
2,311196E1;1,364736E-2;5,387625E-2
2,314526E1;1,345221E-2;5,636403E-2
2,317857E1;1,323076E-2;5,978810E-2
2,321187E1;1,308740E-2;6,199477E-2
2,324517E1;1,290485E-2;6,454492E-2
2,327847E1;1,259132E-2;6,665639E-2
2,331178E1;1,237891E-2;6,833955E-2
2,334508E1;1,206670E-2;7,088268E-2
2,337838E1;1,185199E-2;7,318277E-2
2,341168E1;1,164831E-2;7,611603E-2
2,344499E1;1,129874E-2;7,906325E-2
2,347829E1;1,109759E-2;8,128892E-2
2,351159E1;1,082985E-2;8,466703E-2
2,354489E1;1,052764E-2;8,624430E-2
2,357820E1;1,025017E-2;8,670645E-2
2,361150E1;9,953023E-3;8,959422E-2
2,364480E1;9,659119E-3;9,319256E-2
2,367810E1;9,408648E-3;9,576397E-2
2,371141E1;9,143788E-3;9,778034E-2
2,374471E1;8,876365E-3;9,885784E-2
2,377801E1;8,589860E-3;9,951667E-2
2,381131E1;8,347868E-3;1,021752E-1
2,384462E1;8,025467E-3;1,048089E-1
2,387792E1;7,680068E-3;1,080899E-1
2,391122E1;7,357552E-3;1,093291E-1
2,394452E1;7,150309E-3;1,117961E-1
2,397783E1;6,806596E-3;1,142248E-1
2,401113E1;6,526379E-3;1,160381E-1
2,404443E1;6,223093E-3;1,157607E-1
2,407773E1;5,988538E-3;1,165325E-1
2,411104E1;5,614886E-3;1,207060E-1
2,414434E1;5,282422E-3;1,207958E-1
2,417764E1;5,083455E-3;1,237275E-1
2,421094E1;4,757365E-3;1,247875E-1
2,424425E1;4,523818E-3;1,246360E-1
2,427755E1;4,234537E-3;1,263188E-1
2,431085E1;3,994301E-3;1,295801E-1
2,434416E1;3,658332E-3;1,306160E-1
2,437746E1;3,453804E-3;1,313500E-1
2,441076E1;3,152979E-3;1,335073E-1
2,444406E1;2,937258E-3;1,336622E-1
2,447737E1;2,713632E-3;1,365637E-1
2,451067E1;2,547448E-3;1,361752E-1
2,454397E1;2,362042E-3;1,376955E-1
2,457727E1;2,065930E-3;1,402216E-1
2,461058E1;2,002258E-3;1,385887E-1
2,464388E1;1,773921E-3;1,405850E-1
2,467718E1;1,554063E-3;1,414332E-1
2,471048E1;1,348348E-3;1,401089E-1
2,474379E1;1,122396E-3;1,433787E-1
2,477709E1;1,022682E-3;1,443860E-1
2,481039E1;1,009047E-3;1,451609E-1
2,484369E1;9,199061E-4;1,433331E-1
2,487700E1;8,244040E-4;1,436159E-1
2,491030E1;6,616740E-4;1,460324E-1
2,494360E1;5,575249E-4;1,455181E-1
2,497690E1;4,625928E-4;1,470764E-1
2,501021E1;5,202634E-4;1,474172E-1
2,504351E1;3,878851E-4;1,454122E-1
2,507681E1;3,844007E-4;1,440301E-1
2,511011E1;3,394125E-4;1,456696E-1
2,514342E1;2,905744E-4;1,474385E-1
2,517672E1;2,258412E-4;1,464637E-1
2,521002E1;1,789753E-4;1,459973E-1
2,524332E1;1,513552E-4;1,471964E-1
2,527663E1;1,881827E-4;1,469341E-1
2,530993E1;1,650229E-4;1,468384E-1
2,534323E1;1,790907E-4;1,453068E-1
2,537653E1;1,709433E-4;1,439346E-1
2,540984E1;2,007749E-4;1,448145E-1
2,544314E1;2,813770E-4;1,452535E-1
2,547644E1;2,811845E-4;1,445776E-1
2,550974E1;3,423434E-4;1,444666E-1
2,554305E1;3,570204E-4;1,468014E-1
2,557635E1;3,734266E-4;1,447806E-1
2,560965E1;6,449815E-4;1,426556E-1
2,564295E1;7,647709E-4;1,412986E-1
2,567626E1;8,432737E-4;1,419852E-1
2,570956E1;9,992432E-4;1,416993E-1
2,574286E1;1,204314E-3;1,408727E-1
2,577616E1;1,436950E-3;1,414908E-1
2,580947E1;1,660274E-3;1,381351E-1
2,584277E1;1,872249E-3;1,397853E-1
2,587607E1;2,035994E-3;1,383732E-1
2,590937E1;2,268123E-3;1,372542E-1
2,594268E1;2,528827E-3;1,363160E-1
2,597598E1;2,743914E-3;1,304833E-1
2,600928E1;2,908081E-3;1,335009E-1
2,604258E1;3,135210E-3;1,320613E-1
2,607589E1;3,421833E-3;1,305461E-1
2,610919E1;3,680331E-3;1,313449E-1
2,614249E1;3,995902E-3;1,298658E-1
2,617579E1;4,240444E-3;1,276365E-1
2,620910E1;4,461255E-3;1,252548E-1
2,624240E1;4,757986E-3;1,242897E-1
2,627570E1;4,953007E-3;1,228863E-1
2,630900E1;5,256024E-3;1,208054E-1
2,634231E1;5,568450E-3;1,193637E-1
2,637561E1;5,866371E-3;1,212780E-1
2,640891E1;6,205679E-3;1,166643E-1
2,644221E1;6,489101E-3;1,142375E-1
2,647552E1;6,796100E-3;1,110816E-1
2,650882E1;7,135980E-3;1,102135E-1
2,654212E1;7,349634E-3;1,092038E-1
2,657543E1;7,618276E-3;1,071874E-1
2,660873E1;7,976036E-3;1,063918E-1
2,664203E1;8,244727E-3;1,037609E-1
2,667533E1;8,560101E-3;1,049771E-1
2,670864E1;8,815023E-3;9,996694E-2
2,674194E1;9,131809E-3;9,735073E-2
2,677524E1;9,499770E-3;9,620371E-2
2,680854E1;9,706351E-3;9,307058E-2
2,684185E1;1,000337E-2;9,397388E-2
2,687515E1;1,038993E-2;9,014474E-2
2,690845E1;1,073736E-2;8,484524E-2
2,694175E1;1,089997E-2;8,678383E-2
2,697506E1;1,127122E-2;8,724656E-2
2,700836E1;1,153379E-2;8,071965E-2
2,704166E1;1,173696E-2;7,941748E-2
2,707496E1;1,203946E-2;7,834046E-2
2,710827E1;1,236355E-2;7,514077E-2
2,714157E1;1,256110E-2;7,177783E-2
2,717487E1;1,290534E-2;6,969392E-2
2,720817E1;1,304994E-2;6,745316E-2
2,724148E1;1,340959E-2;6,513749E-2
2,727478E1;1,357103E-2;6,283457E-2
2,730808E1;1,385554E-2;5,832041E-2
2,734138E1;1,406420E-2;5,890313E-2
2,737469E1;1,418855E-2;5,623782E-2
2,740799E1;1,447499E-2;5,303978E-2
2,744129E1;1,466107E-2;5,100489E-2
2,747459E1;1,486892E-2;4,711510E-2
2,750790E1;1,502971E-2;4,542331E-2
2,754120E1;1,523460E-2;4,365369E-2
2,757450E1;1,538686E-2;3,967720E-2
2,760780E1;1,561035E-2;3,668976E-2
2,764111E1;1,564362E-2;3,506694E-2
2,767441E1;1,574604E-2;3,218860E-2
2,770771E1;1,589635E-2;2,933223E-2
2,774101E1;1,599398E-2;2,639513E-2
2,777432E1;1,604733E-2;2,367304E-2
2,780762E1;1,610493E-2;2,143389E-2
2,784092E1;1,611449E-2;1,848242E-2
2,787422E1;1,615417E-2;1,630075E-2
2,790753E1;1,619234E-2;1,427985E-2
2,794083E1;1,627795E-2;1,151593E-2
2,797413E1;1,641471E-2;9,607835E-3
2,800743E1;1,643792E-2;5,655172E-3
2,804074E1;1,647446E-2;1,210359E-3
2,807404E1;1,648046E-2;9,886439E-4
2,810734E1;1,650064E-2;2,480545E-3
2,814064E1;1,646792E-2;5,095186E-3
2,817395E1;1,641264E-2;8,988566E-3
2,820725E1;1,640520E-2;1,182159E-2
2,824055E1;1,638992E-2;1,311289E-2
2,827385E1;1,632007E-2;1,609148E-2
2,830716E1;1,631252E-2;1,888064E-2
2,834046E1;1,624771E-2;2,200407E-2
2,837376E1;1,615320E-2;2,532960E-2
2,840706E1;1,610683E-2;2,610435E-2
2,844037E1;1,585936E-2;2,848775E-2
2,847367E1;1,586820E-2;3,258527E-2
2,850697E1;1,571159E-2;3,352949E-2
2,854027E1;1,570515E-2;3,690863E-2
2,857358E1;1,555245E-2;4,057515E-2
2,860688E1;1,541501E-2;4,230445E-2
2,864018E1;1,520091E-2;4,557831E-2
2,867348E1;1,504306E-2;4,901610E-2
2,870679E1;1,486313E-2;5,013920E-2
2,874009E1;1,465409E-2;5,252778E-2
2,877339E1;1,436333E-2;5,626720E-2
2,880670E1;1,419248E-2;5,881129E-2
2,884000E1;1,398519E-2;6,130226E-2
2,887330E1;1,376549E-2;6,211654E-2
2,890660E1;1,355572E-2;6,570507E-2
2,893991E1;1,338518E-2;6,772792E-2
2,897321E1;1,302662E-2;7,203772E-2
2,900651E1;1,292507E-2;7,408840E-2
2,903981E1;1,256230E-2;7,450936E-2
2,907312E1;1,226698E-2;8,127118E-2
2,910642E1;1,193441E-2;8,079821E-2
2,913972E1;1,166893E-2;8,191591E-2
2,917302E1;1,142047E-2;8,528811E-2
2,920633E1;1,099424E-2;8,876747E-2
2,923963E1;1,076238E-2;9,013000E-2
2,927293E1;1,053054E-2;9,172445E-2
2,930623E1;1,021072E-2;9,718773E-2
2,933954E1;9,822623E-3;9,506756E-2
2,937284E1;9,501159E-3;9,665331E-2
2,940614E1;9,267886E-3;9,906709E-2
2,943944E1;8,892295E-3;1,018557E-1
2,947275E1;8,673399E-3;1,041795E-1
2,950605E1;8,320321E-3;1,066631E-1
2,953935E1;7,935624E-3;1,116005E-1
2,957265E1;7,641802E-3;1,093564E-1
2,960596E1;7,427572E-3;1,117560E-1
2,963926E1;7,055223E-3;1,129890E-1
2,967256E1;6,741829E-3;1,143121E-1
2,970586E1;6,482893E-3;1,164025E-1
2,973917E1;6,285112E-3;1,169618E-1
2,977247E1;5,946705E-3;1,220810E-1
2,980577E1;5,499372E-3;1,211952E-1
2,983907E1;5,304245E-3;1,224095E-1
2,987238E1;5,067312E-3;1,233438E-1
2,990568E1;4,747014E-3;1,260827E-1
2,993898E1;4,469193E-3;1,277067E-1
2,997228E1;4,197204E-3;1,278916E-1
3,000559E1;4,010200E-3;1,292725E-1
3,003889E1;3,677807E-3;1,305237E-1
3,007219E1;3,367951E-3;1,326295E-1
3,010549E1;3,118093E-3;1,337181E-1
3,013880E1;2,902942E-3;1,353856E-1
3,017210E1;2,706712E-3;1,322630E-1
3,020540E1;2,591031E-3;1,355708E-1
3,023870E1;2,378227E-3;1,370937E-1
3,027201E1;2,128625E-3;1,396590E-1
3,030531E1;1,877721E-3;1,394175E-1
3,033861E1;1,711069E-3;1,358110E-1
3,037191E1;1,507666E-3;1,417341E-1
3,040522E1;1,341313E-3;1,427168E-1
3,043852E1;1,129988E-3;1,392643E-1
3,047182E1;1,000565E-3;1,431590E-1
3,050512E1;8,869863E-4;1,454126E-1
3,053843E1;7,465537E-4;1,411344E-1
3,057173E1;6,659630E-4;1,411298E-1
3,060503E1;5,493093E-4;1,422680E-1
3,063833E1;4,990472E-4;1,425430E-1
3,067164E1;4,165262E-4;1,434653E-1
3,070494E1;4,542207E-4;1,458219E-1
3,073824E1;3,023203E-4;1,450158E-1
3,077154E1;2,005863E-4;1,423276E-1
3,080485E1;1,330900E-4;1,445019E-1
3,083815E1;8,601225E-5;1,464240E-1
3,087145E1;5,125398E-5;1,455179E-1
3,090475E1;1,031895E-4;1,448140E-1
3,093806E1;9,153884E-5;1,433639E-1
3,097136E1;1,014472E-4;1,444000E-1
3,100466E1;1,576727E-4;1,455534E-1
3,103797E1;1,605060E-4;1,423303E-1
3,107127E1;1,708198E-4;1,434064E-1
3,110457E1;1,646518E-4;1,457303E-1
3,113787E1;2,192744E-4;1,439452E-1
3,117118E1;2,520188E-4;1,446487E-1
3,120448E1;2,984119E-4;1,444997E-1
3,123778E1;3,435752E-4;1,387586E-1
3,127108E1;3,937566E-4;1,402662E-1
3,130439E1;5,677610E-4;1,445397E-1
3,133769E1;7,421301E-4;1,428594E-1
3,137099E1;8,386191E-4;1,390218E-1
3,140429E1;1,005652E-3;1,366587E-1
3,143760E1;1,178877E-3;1,398263E-1
3,147090E1;1,378849E-3;1,374933E-1
3,150420E1;1,566743E-3;1,346035E-1
3,153750E1;1,787896E-3;1,354277E-1
3,157081E1;1,909242E-3;1,346679E-1
3,160411E1;2,121960E-3;1,351992E-1
3,163741E1;2,344207E-3;1,326971E-1
3,167071E1;2,493811E-3;1,316720E-1
3,170402E1;2,793460E-3;1,336620E-1
3,173732E1;2,947649E-3;1,297778E-1
3,177062E1;3,140919E-3;1,279552E-1
3,180392E1;3,405408E-3;1,274367E-1
3,183723E1;3,662629E-3;1,262209E-1
3,187053E1;3,958827E-3;1,260983E-1
3,190383E1;4,193479E-3;1,243154E-1
3,193713E1;4,509882E-3;1,209009E-1
3,197044E1;4,697223E-3;1,199847E-1
3,200374E1;4,957320E-3;1,202279E-1
3,203704E1;5,258993E-3;1,185097E-1
3,207034E1;5,541997E-3;1,163979E-1
3,210365E1;5,811684E-3;1,148014E-1
3,213695E1;6,158687E-3;1,133838E-1
3,217025E1;6,422517E-3;1,106385E-1
3,220355E1;6,638943E-3;1,080990E-1
3,223686E1;6,911093E-3;1,068979E-1
3,227016E1;7,194151E-3;1,044862E-1
3,230346E1;7,479577E-3;1,027172E-1
3,233676E1;7,751083E-3;1,016006E-1
3,237007E1;8,108998E-3;9,816268E-2
3,240337E1;8,450528E-3;9,865518E-2
3,243667E1;8,716883E-3;9,559926E-2
3,246997E1;8,928018E-3;9,316376E-2
3,250328E1;9,221410E-3;9,190407E-2
3,253658E1;9,543263E-3;8,795023E-2
3,256988E1;9,721976E-3;8,652261E-2
3,260318E1;1,005130E-2;8,447269E-2
3,263649E1;1,031816E-2;8,157522E-2
3,266979E1;1,061762E-2;7,853647E-2
3,270309E1;1,084235E-2;7,612042E-2
3,273639E1;1,103802E-2;7,472066E-2
3,276970E1;1,128515E-2;7,318666E-2
3,280300E1;1,157312E-2;7,127981E-2
3,283630E1;1,182672E-2;6,806723E-2
3,286960E1;1,202862E-2;6,570384E-2
3,290291E1;1,230005E-2;6,324021E-2
3,293621E1;1,252640E-2;6,131390E-2
3,296951E1;1,276139E-2;6,023243E-2
3,300281E1;1,292729E-2;5,528863E-2
3,303612E1;1,304148E-2;5,201516E-2
3,306942E1;1,333655E-2;5,163689E-2
3,310272E1;1,353947E-2;4,723751E-2
3,313602E1;1,365591E-2;4,530974E-2
3,316933E1;1,382682E-2;4,343214E-2
3,320263E1;1,398798E-2;3,971649E-2
3,323593E1;1,404199E-2;3,678595E-2
3,326924E1;1,414447E-2;3,427446E-2
3,330254E1;1,435249E-2;3,229626E-2
3,333584E1;1,444184E-2;2,913871E-2
3,336914E1;1,450822E-2;2,627156E-2
3,340245E1;1,463651E-2;2,253603E-2
3,343575E1;1,475938E-2;2,134108E-2
3,346905E1;1,485086E-2;1,925939E-2
3,350235E1;1,492672E-2;1,506176E-2
3,353566E1;1,494014E-2;1,242535E-2
3,356896E1;1,501510E-2;9,114270E-3
3,360226E1;1,496428E-2;5,968570E-3
3,363556E1;1,497716E-2;2,929740E-3
3,366887E1;1,499292E-2;2,654074E-4
3,370217E1;1,497253E-2;2,484753E-3
3,373547E1;1,492549E-2;4,714466E-3
3,376877E1;1,486606E-2;7,062474E-3
3,380208E1;1,490940E-2;9,777022E-3
3,383538E1;1,491213E-2;1,306034E-2
3,386868E1;1,486354E-2;1,727457E-2
3,390198E1;1,482005E-2;2,010135E-2
3,393529E1;1,478811E-2;2,161846E-2
3,396859E1;1,470841E-2;2,284003E-2
3,400189E1;1,472058E-2;2,683792E-2
3,403519E1;1,466247E-2;3,030663E-2
3,406850E1;1,461776E-2;3,159548E-2
3,410180E1;1,450477E-2;3,434454E-2
3,413510E1;1,428986E-2;3,744175E-2
3,416840E1;1,418507E-2;4,077993E-2
3,420171E1;1,401720E-2;4,269598E-2
3,423501E1;1,381470E-2;4,606697E-2
3,426831E1;1,367167E-2;4,934978E-2
3,430161E1;1,357215E-2;5,040244E-2
3,433492E1;1,334670E-2;5,212703E-2
3,436822E1;1,320709E-2;5,492212E-2
3,440152E1;1,294923E-2;5,918720E-2
3,443482E1;1,270562E-2;6,144062E-2
3,446813E1;1,254254E-2;6,187821E-2
3,450143E1;1,231059E-2;6,539135E-2
3,453473E1;1,200018E-2;6,849879E-2
3,456803E1;1,179661E-2;7,038764E-2
3,460134E1;1,157322E-2;7,288627E-2
3,463464E1;1,136093E-2;7,566649E-2
3,466794E1;1,110926E-2;7,887519E-2
3,470124E1;1,084861E-2;8,231657E-2
3,473455E1;1,054120E-2;8,354283E-2
3,476785E1;1,029635E-2;8,493821E-2
3,480115E1;9,965584E-3;8,699009E-2
3,483445E1;9,681337E-3;8,875187E-2
3,486776E1;9,402362E-3;9,157677E-2
3,490106E1;9,217191E-3;9,456873E-2
3,493436E1;8,896914E-3;9,653748E-2
3,496766E1;8,647788E-3;9,795446E-2
3,500097E1;8,324641E-3;9,989269E-2
3,503427E1;8,054178E-3;1,008427E-1
3,506757E1;7,772821E-3;1,030797E-1
3,510087E1;7,457428E-3;1,038351E-1
3,513418E1;7,214293E-3;1,073838E-1
3,516748E1;6,895234E-3;1,098438E-1
3,520078E1;6,644476E-3;1,102559E-1
3,523408E1;6,340343E-3;1,131697E-1
3,526739E1;6,081771E-3;1,145274E-1
3,530069E1;5,723422E-3;1,152826E-1
3,533399E1;5,427114E-3;1,169719E-1
3,536729E1;5,218393E-3;1,185532E-1
3,540060E1;4,965079E-3;1,200931E-1
3,543390E1;4,732130E-3;1,210353E-1
3,546720E1;4,468894E-3;1,232775E-1
3,550051E1;4,217183E-3;1,253589E-1
3,553381E1;3,954289E-3;1,252085E-1
3,556711E1;3,663751E-3;1,257705E-1
3,560041E1;3,382866E-3;1,270136E-1
3,563372E1;3,128167E-3;1,281230E-1
3,566702E1;2,950697E-3;1,283288E-1
3,570032E1;2,728905E-3;1,304483E-1
3,573362E1;2,456389E-3;1,343618E-1
3,576693E1;2,270804E-3;1,363924E-1
3,580023E1;2,080926E-3;1,336687E-1
3,583353E1;1,850302E-3;1,332299E-1
3,586683E1;1,659774E-3;1,382860E-1
3,590014E1;1,490901E-3;1,372205E-1
3,593344E1;1,307875E-3;1,359749E-1
3,596674E1;1,128941E-3;1,391305E-1
3,600004E1;1,045979E-3;1,402936E-1
3,603335E1;9,335029E-4;1,388590E-1
3,606665E1;8,474028E-4;1,386622E-1
3,609995E1;6,628377E-4;1,431783E-1
3,613325E1;5,693210E-4;1,427136E-1
3,616656E1;4,856973E-4;1,422499E-1
3,619986E1;4,345020E-4;1,435795E-1
3,623316E1;4,675167E-4;1,448554E-1
3,626646E1;4,468185E-4;1,427125E-1
3,629977E1;3,049761E-4;1,405770E-1
3,633307E1;2,730749E-4;1,440586E-1
3,636637E1;2,337455E-4;1,444695E-1
3,639967E1;1,317875E-4;1,444057E-1
3,643298E1;1,065031E-4;1,443522E-1
3,646628E1;1,519789E-4;1,434017E-1
3,649958E1;1,161540E-4;1,423550E-1
3,653288E1;1,399645E-4;1,424420E-1
3,656619E1;1,387600E-4;1,420218E-1
3,659949E1;1,250238E-4;1,427371E-1
3,663279E1;1,875678E-4;1,437892E-1
3,666609E1;1,973885E-4;1,402998E-1
3,669940E1;2,383924E-4;1,398955E-1
3,673270E1;2,671654E-4;1,417513E-1
3,676600E1;3,045298E-4;1,412810E-1
3,679930E1;3,629694E-4;1,445500E-1
3,683261E1;4,402423E-4;1,437245E-1
3,686591E1;6,093998E-4;1,389459E-1
3,689921E1;7,626293E-4;1,431867E-1
3,693251E1;9,449924E-4;1,422881E-1
3,696582E1;1,135968E-3;1,362998E-1
3,699912E1;1,260662E-3;1,383253E-1
3,703242E1;1,465646E-3;1,384878E-1
3,706572E1;1,756107E-3;1,349780E-1
3,709903E1;1,916453E-3;1,360474E-1
3,713233E1;2,118285E-3;1,356922E-1
3,716563E1;2,301961E-3;1,319037E-1
3,719893E1;2,452706E-3;1,335688E-1
3,723224E1;2,646807E-3;1,328350E-1
3,726554E1;2,854069E-3;1,321993E-1
3,729884E1;3,174029E-3;1,305429E-1
3,733214E1;3,396409E-3;1,291427E-1
3,736545E1;3,670633E-3;1,284526E-1
3,739875E1;3,925812E-3;1,268895E-1
3,743205E1;4,216349E-3;1,249582E-1
3,746535E1;4,497373E-3;1,246511E-1
3,749866E1;4,730961E-3;1,225625E-1
3,753196E1;4,945458E-3;1,195883E-1
3,756526E1;5,264990E-3;1,192487E-1
3,759857E1;5,530988E-3;1,175729E-1
3,763187E1;5,878851E-3;1,200734E-1
3,766517E1;6,203207E-3;1,144583E-1
3,769847E1;6,509602E-3;1,121095E-1
3,773178E1;6,811262E-3;1,122439E-1
3,776508E1;7,029215E-3;1,087898E-1
3,779838E1;7,338397E-3;1,069814E-1
3,783168E1;7,698527E-3;1,063055E-1
3,786499E1;8,027090E-3;1,049354E-1
3,789829E1;8,261046E-3;1,023890E-1
3,793159E1;8,489493E-3;1,015593E-1
3,796489E1;8,891420E-3;9,814082E-2
3,799820E1;9,182585E-3;9,679459E-2
3,803150E1;9,447794E-3;9,370893E-2
3,806480E1;9,759840E-3;9,297524E-2
3,809810E1;1,007858E-2;9,086259E-2
3,813141E1;1,033549E-2;8,719127E-2
3,816471E1;1,062201E-2;8,580478E-2
3,819801E1;1,087605E-2;8,401302E-2
3,823131E1;1,108543E-2;8,098201E-2
3,826462E1;1,134731E-2;7,868139E-2
3,829792E1;1,162668E-2;7,667838E-2
3,833122E1;1,195129E-2;7,474305E-2
3,836452E1;1,217086E-2;7,316139E-2
3,839783E1;1,246939E-2;7,034288E-2
3,843113E1;1,258430E-2;6,680349E-2
3,846443E1;1,284767E-2;6,381585E-2
3,849773E1;1,305550E-2;6,208646E-2
3,853104E1;1,332475E-2;5,972463E-2
3,856434E1;1,357394E-2;5,769960E-2
3,859764E1;1,378402E-2;5,368145E-2
3,863094E1;1,404104E-2;5,350640E-2
3,866425E1;1,416341E-2;5,087746E-2
3,869755E1;1,443493E-2;4,747556E-2
3,873085E1;1,464474E-2;4,568136E-2
3,876415E1;1,485647E-2;4,187579E-2
3,879746E1;1,493734E-2;3,875489E-2
3,883076E1;1,506656E-2;3,745868E-2
3,886406E1;1,515522E-2;3,545901E-2
3,889736E1;1,535573E-2;3,210160E-2
3,893067E1;1,555454E-2;2,915231E-2
3,896397E1;1,557432E-2;2,645003E-2
3,899727E1;1,561278E-2;2,373249E-2
3,903057E1;1,571457E-2;2,160211E-2
3,906388E1;1,582416E-2;1,878176E-2
3,909718E1;1,591329E-2;1,607255E-2
3,913048E1;1,596505E-2;1,325797E-2
3,916378E1;1,599472E-2;9,859513E-3
3,919709E1;1,600030E-2;7,562828E-3
3,923039E1;1,601914E-2;5,724846E-3
3,926369E1;1,599478E-2;2,535164E-3
3,929699E1;1,599070E-2;8,334480E-4
3,933030E1;1,597067E-2;2,504745E-3
3,936360E1;1,595211E-2;5,158321E-3
3,939690E1;1,591903E-2;8,537494E-3
3,943020E1;1,591340E-2;1,036354E-2
3,946351E1;1,587376E-2;1,401113E-2
3,949681E1;1,584437E-2;1,732489E-2
3,953011E1;1,583387E-2;1,744712E-2
3,956341E1;1,581886E-2;2,046998E-2
3,959672E1;1,570239E-2;2,414122E-2
3,963002E1;1,574086E-2;2,741863E-2
3,966332E1;1,560780E-2;3,001554E-2
3,969662E1;1,546917E-2;3,133137E-2
3,972993E1;1,529608E-2;3,408841E-2
3,976323E1;1,518578E-2;3,780942E-2
3,979653E1;1,508070E-2;4,047677E-2
3,982984E1;1,488149E-2;4,259417E-2
3,986314E1;1,473594E-2;4,531173E-2
3,989644E1;1,461193E-2;4,779860E-2
3,992974E1;1,442408E-2;4,946259E-2
3,996305E1;1,424841E-2;5,235389E-2
3,999635E1;1,396511E-2;5,586804E-2
4,002965E1;1,379902E-2;5,669084E-2
4,006295E1;1,358062E-2;5,889647E-2
4,009626E1;1,335144E-2;6,244882E-2
4,012956E1;1,314303E-2;6,597565E-2
4,016286E1;1,292407E-2;6,742502E-2
4,019616E1;1,270090E-2;6,891813E-2
4,022947E1;1,240411E-2;7,191236E-2
4,026277E1;1,217841E-2;7,471619E-2
4,029607E1;1,181381E-2;7,547552E-2
4,032937E1;1,157356E-2;7,843712E-2
4,036268E1;1,138493E-2;8,179514E-2
4,039598E1;1,107877E-2;8,377951E-2
4,042928E1;1,074847E-2;8,591572E-2
4,046258E1;1,051249E-2;8,785997E-2
4,049589E1;1,013590E-2;9,292170E-2
4,052919E1;9,786948E-3;9,249469E-2
4,056249E1;9,565007E-3;9,011119E-2
4,059579E1;9,332374E-3;9,464672E-2
4,062910E1;9,101580E-3;9,626149E-2
4,066240E1;8,818104E-3;9,879982E-2
4,069570E1;8,488640E-3;1,045387E-1
4,072900E1;8,241088E-3;1,029242E-1
4,076231E1;7,795247E-3;1,053825E-1
4,079561E1;7,543268E-3;1,071878E-1
4,082891E1;7,316865E-3;1,080187E-1
4,086221E1;7,086458E-3;1,097391E-1
4,089552E1;6,804941E-3;1,109977E-1
4,092882E1;6,503595E-3;1,137496E-1
4,096212E1;6,230957E-3;1,156925E-1
4,099542E1;5,878474E-3;1,192459E-1
4,102873E1;5,547311E-3;1,175477E-1
4,106203E1;5,294909E-3;1,190693E-1
4,109533E1;5,091277E-3;1,222464E-1
4,112863E1;4,810994E-3;1,226670E-1
4,116194E1;4,513421E-3;1,233201E-1
4,119524E1;4,207947E-3;1,255106E-1
4,122854E1;3,928185E-3;1,273566E-1
4,126184E1;3,642315E-3;1,293466E-1
4,129515E1;3,418175E-3;1,299139E-1
4,132845E1;3,156022E-3;1,272924E-1
4,136175E1;3,032063E-3;1,314798E-1
4,139505E1;2,761877E-3;1,321458E-1
4,142836E1;2,606132E-3;1,342932E-1
4,146166E1;2,374292E-3;1,356925E-1
4,149496E1;2,162242E-3;1,328764E-1
4,152826E1;2,077610E-3;1,367838E-1
4,156157E1;1,867222E-3;1,358448E-1
4,159487E1;1,618047E-3;1,339248E-1
4,162817E1;1,437749E-3;1,391132E-1
4,166147E1;1,264343E-3;1,396298E-1
4,169478E1;1,128213E-3;1,373456E-1
4,172808E1;1,102522E-3;1,385355E-1
4,176138E1;9,790568E-4;1,377608E-1
4,179468E1;9,234773E-4;1,423578E-1
4,182799E1;8,511838E-4;1,433697E-1
4,186129E1;6,955493E-4;1,398156E-1
4,189459E1;6,038886E-4;1,420335E-1
4,192789E1;5,419628E-4;1,414981E-1
4,196120E1;4,575976E-4;1,420620E-1
4,199450E1;4,908682E-4;1,443892E-1
4,202780E1;4,176865E-4;1,431455E-1
4,206111E1;3,931402E-4;1,410651E-1
4,209441E1;4,099840E-4;1,428177E-1
4,212771E1;4,831865E-4;1,435024E-1
4,216101E1;4,361805E-4;1,430386E-1
4,219432E1;4,976963E-4;1,434676E-1
4,222762E1;5,291540E-4;1,431788E-1
4,226092E1;5,342507E-4;1,437451E-1
4,229422E1;6,011976E-4;1,416636E-1
4,232753E1;5,878732E-4;1,412636E-1
4,236083E1;6,627938E-4;1,426451E-1
4,239413E1;6,836699E-4;1,421507E-1
4,242743E1;7,096210E-4;1,419057E-1
4,246074E1;7,617628E-4;1,414168E-1
4,249404E1;7,957020E-4;1,417487E-1
4,252734E1;8,481007E-4;1,418908E-1
4,256064E1;8,851934E-4;1,394107E-1
4,259395E1;9,708281E-4;1,393119E-1
4,262725E1;1,195589E-3;1,385723E-1
4,266055E1;1,351734E-3;1,351916E-1
4,269385E1;1,475326E-3;1,374140E-1
4,272716E1;1,669303E-3;1,375118E-1
4,276046E1;1,835031E-3;1,337946E-1
4,279376E1;2,030389E-3;1,339188E-1
4,282706E1;2,274550E-3;1,341405E-1
4,286037E1;2,439312E-3;1,308317E-1
4,289367E1;2,568469E-3;1,296602E-1
4,292697E1;2,777166E-3;1,303261E-1
4,296027E1;3,015843E-3;1,307623E-1
4,299358E1;3,288207E-3;1,302629E-1
4,302688E1;3,501189E-3;1,252019E-1
4,306018E1;3,763331E-3;1,238259E-1
4,309348E1;3,993344E-3;1,250730E-1
4,312679E1;4,217534E-3;1,240234E-1
4,316009E1;4,470926E-3;1,214961E-1
4,319339E1;4,692397E-3;1,200488E-1
4,322669E1;4,954999E-3;1,186941E-1
4,326000E1;5,204289E-3;1,166135E-1
4,329330E1;5,514955E-3;1,145707E-1
4,332660E1;5,788182E-3;1,118531E-1
4,335990E1;6,065822E-3;1,100699E-1
4,339321E1;6,343941E-3;1,081570E-1
4,342651E1;6,627234E-3;1,069461E-1
4,345981E1;6,837786E-3;1,071157E-1
4,349311E1;7,118013E-3;1,052201E-1
4,352642E1;7,359900E-3;1,028975E-1
4,355972E1;7,709585E-3;1,013518E-1
4,359302E1;7,927128E-3;9,916347E-2
4,362632E1;8,223474E-3;9,674396E-2
4,365963E1;8,459343E-3;9,442218E-2
4,369293E1;8,770851E-3;9,161043E-2
4,372623E1;8,987606E-3;9,025833E-2
4,375953E1;9,285911E-3;8,780574E-2
4,379284E1;9,482403E-3;8,539230E-2
4,382614E1;9,768245E-3;8,367168E-2
4,385944E1;1,008013E-2;8,064984E-2
4,389274E1;1,034423E-2;7,761120E-2
4,392605E1;1,054583E-2;7,591170E-2
4,395935E1;1,078869E-2;7,420420E-2
4,399265E1;1,101857E-2;7,159546E-2
4,402595E1;1,126612E-2;6,937593E-2
4,405926E1;1,148075E-2;6,665398E-2
4,409256E1;1,177165E-2;6,440499E-2
4,412586E1;1,194543E-2;6,133264E-2
4,415916E1;1,209266E-2;5,995674E-2
4,419247E1;1,234843E-2;5,790987E-2
4,422577E1;1,256739E-2;5,356096E-2
4,425907E1;1,281888E-2;5,138043E-2
4,429238E1;1,291060E-2;4,969095E-2
4,432568E1;1,303727E-2;4,698075E-2
4,435898E1;1,323812E-2;4,488949E-2
4,439228E1;1,343694E-2;4,182956E-2
4,442559E1;1,353893E-2;3,856106E-2
4,445889E1;1,367960E-2;3,548746E-2
4,449219E1;1,382213E-2;3,293303E-2
4,452549E1;1,391942E-2;3,020722E-2
4,455880E1;1,403883E-2;2,806642E-2
4,459210E1;1,402640E-2;2,514072E-2
4,462540E1;1,416210E-2;2,190402E-2
4,465870E1;1,434225E-2;1,983076E-2
4,469201E1;1,434437E-2;1,752272E-2
4,472531E1;1,437574E-2;1,576752E-2
4,475861E1;1,443549E-2;1,337110E-2
4,479191E1;1,452960E-2;8,953059E-3
4,482522E1;1,445659E-2;6,393714E-3
4,485852E1;1,447276E-2;4,029265E-3
4,489182E1;1,449566E-2;3,575698E-4
4,492512E1;1,446045E-2;2,449145E-3
4,495843E1;1,441766E-2;4,331411E-3
4,499173E1;1,437641E-2;7,044715E-3
4,502503E1;1,438138E-2;1,011246E-2
4,505833E1;1,436397E-2;1,312168E-2
4,509164E1;1,436814E-2;1,652615E-2
4,512494E1;1,430788E-2;1,958955E-2
4,515824E1;1,426112E-2;2,128935E-2
4,519154E1;1,417580E-2;2,223831E-2
4,522485E1;1,420781E-2;2,597781E-2
4,525815E1;1,413368E-2;3,001571E-2
4,529145E1;1,417283E-2;3,118531E-2
4,532475E1;1,404085E-2;3,386456E-2
4,535806E1;1,383219E-2;3,705640E-2
4,539136E1;1,363502E-2;3,944344E-2
4,542466E1;1,355607E-2;4,060354E-2
4,545796E1;1,338043E-2;4,242540E-2
4,549127E1;1,326634E-2;4,625733E-2
4,552457E1;1,311158E-2;4,874544E-2
4,555787E1;1,292553E-2;5,115945E-2
4,559117E1;1,277364E-2;5,536117E-2
4,562448E1;1,254850E-2;5,604048E-2
4,565778E1;1,241638E-2;5,794737E-2
4,569108E1;1,216431E-2;6,277150E-2
4,572438E1;1,189971E-2;6,531828E-2
4,575769E1;1,170593E-2;6,654202E-2
4,579099E1;1,140982E-2;6,886590E-2
4,582429E1;1,112418E-2;7,175697E-2
4,585759E1;1,094946E-2;7,233864E-2
4,589090E1;1,076762E-2;7,509634E-2
4,592420E1;1,047837E-2;7,671909E-2
4,595750E1;1,026705E-2;7,844199E-2
4,599080E1;9,911022E-3;8,167326E-2
4,602411E1;9,692064E-3;8,509838E-2
4,605741E1;9,441541E-3;8,673687E-2
4,609071E1;9,199483E-3;8,760230E-2
4,612401E1;8,903247E-3;9,096144E-2
4,615732E1;8,668636E-3;9,407612E-2
4,619062E1;8,433053E-3;9,526769E-2
4,622392E1;8,132121E-3;9,793232E-2
4,625722E1;7,797372E-3;9,961614E-2
4,629053E1;7,550736E-3;1,000699E-1
4,632383E1;7,307672E-3;1,029679E-1
4,635713E1;7,052350E-3;1,048532E-1
4,639043E1;6,758709E-3;1,068220E-1
4,642374E1;6,537686E-3;1,093260E-1
4,645704E1;6,220471E-3;1,098301E-1
4,649034E1;5,941255E-3;1,117439E-1
4,652365E1;5,669232E-3;1,142138E-1
4,655695E1;5,384679E-3;1,150725E-1
4,659025E1;5,154606E-3;1,163208E-1
4,662355E1;4,920440E-3;1,190129E-1
4,665686E1;4,619360E-3;1,201823E-1
4,669016E1;4,456944E-3;1,208702E-1
4,672346E1;4,167741E-3;1,230612E-1
4,675676E1;3,878934E-3;1,228052E-1
4,679007E1;3,573580E-3;1,239583E-1
4,682337E1;3,416585E-3;1,265683E-1
4,685667E1;3,156031E-3;1,284165E-1
4,688997E1;2,926735E-3;1,284538E-1
4,692328E1;2,751945E-3;1,296168E-1
4,695658E1;2,607431E-3;1,307835E-1
4,698988E1;2,439936E-3;1,322328E-1
4,702318E1;2,146340E-3;1,331506E-1
4,705649E1;1,987262E-3;1,326826E-1
4,708979E1;1,821678E-3;1,354474E-1
4,712309E1;1,608060E-3;1,364024E-1
4,715639E1;1,416010E-3;1,356643E-1
4,718970E1;1,186936E-3;1,384362E-1
4,722300E1;1,101027E-3;1,404632E-1
4,725630E1;1,012931E-3;1,391660E-1
4,728960E1;9,122679E-4;1,371583E-1
4,732291E1;8,224083E-4;1,380138E-1
4,735621E1;6,555820E-4;1,414305E-1
4,738951E1;5,751578E-4;1,418626E-1
4,742281E1;5,093573E-4;1,421367E-1
4,745612E1;4,789907E-4;1,427710E-1
4,748942E1;4,660519E-4;1,394144E-1
4,752272E1;3,040045E-4;1,384568E-1
4,755602E1;2,481097E-4;1,405484E-1
4,758933E1;2,045740E-4;1,423162E-1
4,762263E1;1,272876E-4;1,426807E-1
4,765593E1;9,273504E-5;1,418217E-1
4,768923E1;1,286824E-4;1,423829E-1
4,772254E1;1,243180E-4;1,419097E-1
4,775584E1;1,316835E-4;1,413841E-1
4,778914E1;1,308997E-4;1,421227E-1
4,782244E1;1,575773E-4;1,410781E-1
4,785575E1;2,026009E-4;1,421524E-1
4,788905E1;2,051962E-4;1,413768E-1
4,792235E1;2,516920E-4;1,399739E-1
4,795565E1;3,009078E-4;1,416661E-1
4,798896E1;3,097766E-4;1,404961E-1
4,802226E1;3,139511E-4;1,412832E-1
4,805556E1;4,645865E-4;1,410038E-1
4,808886E1;6,634515E-4;1,389608E-1
4,812217E1;7,547875E-4;1,383787E-1
4,815547E1;8,722122E-4;1,388664E-1
4,818877E1;1,015197E-3;1,387149E-1
4,822207E1;1,127536E-3;1,348116E-1
4,825538E1;1,422454E-3;1,369164E-1
4,828868E1;1,589268E-3;1,379513E-1
4,832198E1;1,779539E-3;1,357291E-1
4,835528E1;1,976009E-3;1,337603E-1
4,838859E1;2,220785E-3;1,307750E-1
4,842189E1;2,385151E-3;1,323215E-1
4,845519E1;2,620313E-3;1,309351E-1
4,848849E1;2,829709E-3;1,294197E-1
4,852180E1;3,102256E-3;1,283893E-1
4,855510E1;3,345306E-3;1,279440E-1
4,858840E1;3,587525E-3;1,261647E-1
4,862170E1;3,911551E-3;1,237367E-1
4,865501E1;4,175387E-3;1,230117E-1
4,868831E1;4,429428E-3;1,220808E-1
4,872161E1;4,638052E-3;1,201965E-1
4,875492E1;4,977967E-3;1,188445E-1
4,878822E1;5,193652E-3;1,168846E-1
4,882152E1;5,444675E-3;1,150698E-1
4,885482E1;5,803019E-3;1,147846E-1
4,888813E1;6,105577E-3;1,137190E-1
4,892143E1;6,356317E-3;1,101420E-1
4,895473E1;6,630232E-3;1,088044E-1
4,898803E1;6,952700E-3;1,081443E-1
4,902134E1;7,140605E-3;1,053756E-1
4,905464E1;7,424151E-3;1,040430E-1
4,908794E1;7,677993E-3;1,014796E-1
4,912124E1;8,022575E-3;1,023761E-1
4,915455E1;8,287059E-3;9,768972E-2
4,918785E1;8,606032E-3;9,585860E-2
4,922115E1;8,822389E-3;9,488011E-2
4,925445E1;9,162648E-3;9,068585E-2
4,928776E1;9,501012E-3;9,072207E-2
4,932106E1;9,685504E-3;8,984204E-2
4,935436E1;1,002839E-2;8,518709E-2
4,938766E1;1,030555E-2;8,235366E-2
4,942097E1;1,054934E-2;8,055999E-2
4,945427E1;1,080373E-2;7,888786E-2
4,948757E1;1,100515E-2;7,679990E-2
4,952087E1;1,130736E-2;7,558422E-2
4,955418E1;1,150002E-2;7,381861E-2
4,958748E1;1,175102E-2;7,100982E-2
4,962078E1;1,208242E-2;6,914565E-2
4,965408E1;1,234731E-2;6,554064E-2
4,968739E1;1,256810E-2;6,358985E-2
4,972069E1;1,284120E-2;6,081973E-2
4,975399E1;1,298052E-2;6,010085E-2
4,978729E1;1,310864E-2;5,612031E-2
4,982060E1;1,339043E-2;5,360480E-2
4,985390E1;1,359678E-2;5,230474E-2
4,988720E1;1,379822E-2;4,787446E-2
4,992050E1;1,388518E-2;4,608096E-2
4,995381E1;1,406942E-2;4,421854E-2
4,998711E1;1,440371E-2;4,169789E-2
5,002041E1;1,448328E-2;3,984778E-2
5,005371E1;1,468883E-2;3,740829E-2
5,008702E1;1,481809E-2;3,427156E-2
5,012032E1;1,490037E-2;3,106405E-2
5,015362E1;1,502367E-2;2,905994E-2
5,018692E1;1,502319E-2;2,623345E-2
5,022023E1;1,505908E-2;2,277556E-2
5,025353E1;1,510107E-2;2,165722E-2
5,028683E1;1,508855E-2;1,895315E-2
5,032013E1;1,510059E-2;1,555619E-2
5,035344E1;1,510471E-2;1,319730E-2
5,038674E1;1,511103E-2;1,107549E-2
5,042004E1;1,509579E-2;7,532762E-3
5,045334E1;1,507306E-2;5,819080E-3
5,048665E1;1,505772E-2;4,522635E-3
5,051995E1;1,499085E-2;1,195259E-3
5,055325E1;1,497846E-2;2,504794E-3
5,058655E1;1,501490E-2;4,112479E-3
5,061986E1;1,495876E-2;8,601683E-3
5,065316E1;1,494037E-2;1,125833E-2
5,068646E1;1,485762E-2;1,243330E-2
5,071976E1;1,480564E-2;1,543412E-2
5,075307E1;1,477002E-2;1,842629E-2
5,078637E1;1,480519E-2;2,061743E-2
5,081967E1;1,480259E-2;2,228179E-2
5,085298E1;1,472697E-2;2,481513E-2
5,088628E1;1,470655E-2;2,912392E-2
5,091958E1;1,466040E-2;3,246774E-2
5,095288E1;1,462404E-2;3,478867E-2
5,098619E1;1,457080E-2;3,697544E-2
5,101949E1;1,430646E-2;3,765066E-2
5,105279E1;1,415373E-2;4,204023E-2
5,108609E1;1,398386E-2;4,492257E-2
5,111940E1;1,382697E-2;4,497208E-2
5,115270E1;1,366890E-2;4,796912E-2
5,118600E1;1,352947E-2;5,066789E-2
5,121930E1;1,323370E-2;5,320221E-2
5,125261E1;1,310435E-2;5,577322E-2
5,128591E1;1,295791E-2;5,840492E-2
5,131921E1;1,272242E-2;6,024708E-2
5,135251E1;1,257007E-2;6,275728E-2
5,138582E1;1,235027E-2;6,433571E-2
5,141912E1;1,205131E-2;6,682272E-2
5,145242E1;1,179540E-2;7,034711E-2
5,148572E1;1,158622E-2;7,287495E-2
5,151903E1;1,131754E-2;7,573063E-2
5,155233E1;1,106551E-2;7,802585E-2
5,158563E1;1,080195E-2;7,976050E-2
5,161893E1;1,055118E-2;8,282843E-2
5,165224E1;1,032145E-2;8,370301E-2
5,168554E1;1,001486E-2;8,501403E-2
5,171884E1;9,662279E-3;8,724146E-2
5,175214E1;9,421520E-3;8,981728E-2
5,178545E1;9,251133E-3;9,134373E-2
5,181875E1;8,877468E-3;9,379631E-2
5,185205E1;8,648062E-3;9,647175E-2
5,188535E1;8,367446E-3;9,805998E-2
5,191866E1;8,150034E-3;1,020704E-1
5,195196E1;7,678221E-3;1,021193E-1
5,198526E1;7,425897E-3;1,038914E-1
5,201856E1;7,183073E-3;1,058947E-1
5,205187E1;6,920510E-3;1,065938E-1
5,208517E1;6,622367E-3;1,078024E-1
5,211847E1;6,324740E-3;1,095374E-1
5,215177E1;6,096478E-3;1,119517E-1
5,218508E1;5,732556E-3;1,140665E-1
5,221838E1;5,470917E-3;1,137494E-1
5,225168E1;5,178240E-3;1,171458E-1
5,228498E1;4,944817E-3;1,193806E-1
5,231829E1;4,655728E-3;1,187610E-1
5,235159E1;4,495514E-3;1,204465E-1
5,238489E1;4,224427E-3;1,248299E-1
5,241819E1;3,989817E-3;1,250982E-1
5,245150E1;3,634701E-3;1,250779E-1
5,248480E1;3,395400E-3;1,271042E-1
5,251810E1;3,111764E-3;1,296490E-1
5,255140E1;2,947523E-3;1,297551E-1
5,258471E1;2,736037E-3;1,264881E-1
5,261801E1;2,556596E-3;1,308908E-1
5,265131E1;2,330258E-3;1,307284E-1
5,268461E1;2,082988E-3;1,305367E-1
5,271792E1;1,999485E-3;1,354758E-1
5,275122E1;1,737846E-3;1,351312E-1
5,278452E1;1,557385E-3;1,354534E-1
5,281782E1;1,344266E-3;1,366817E-1
5,285113E1;1,190927E-3;1,348812E-1
5,288443E1;1,056149E-3;1,353214E-1
5,291773E1;9,947427E-4;1,352690E-1
5,295103E1;9,098510E-4;1,394750E-1
5,298434E1;8,211770E-4;1,401426E-1
5,301764E1;6,438416E-4;1,382516E-1
5,305094E1;5,674148E-4;1,375584E-1
5,308425E1;5,173933E-4;1,382269E-1
5,311755E1;4,673628E-4;1,428374E-1
5,315085E1;3,523769E-4;1,417408E-1
5,318415E1;2,112975E-4;1,405358E-1
5,321746E1;1,479115E-4;1,408688E-1
5,325076E1;1,509283E-4;1,414396E-1
5,328406E1;7,526529E-5;1,410993E-1
5,331736E1;6,518347E-5;1,422242E-1
5,335067E1;9,069903E-6;1,428672E-1
5,338397E1;7,936839E-5;1,410605E-1
5,341727E1;1,208349E-4;1,402389E-1
5,345057E1;1,198408E-4;1,401429E-1
5,348388E1;1,048470E-4;1,399523E-1
5,351718E1;1,443209E-4;1,401911E-1
5,355048E1;1,626762E-4;1,408509E-1
5,358378E1;1,934923E-4;1,412355E-1
5,361709E1;2,095406E-4;1,409337E-1
5,365039E1;2,536141E-4;1,403453E-1
5,368369E1;2,543286E-4;1,396145E-1
5,371699E1;3,468531E-4;1,390400E-1
5,375030E1;3,513727E-4;1,373219E-1
5,378360E1;4,677945E-4;1,363322E-1
5,381690E1;6,762347E-4;1,368770E-1
5,385020E1;8,102120E-4;1,343399E-1
5,388351E1;9,634955E-4;1,333444E-1
5,391681E1;1,134170E-3;1,352257E-1
5,395011E1;1,356520E-3;1,335134E-1
5,398341E1;1,434277E-3;1,326198E-1
5,401672E1;1,758648E-3;1,327491E-1
5,405002E1;1,906471E-3;1,282197E-1
5,408332E1;2,138754E-3;1,280975E-1
5,411662E1;2,275716E-3;1,306892E-1
5,414993E1;2,471015E-3;1,278953E-1
5,418323E1;2,589117E-3;1,267774E-1
5,421653E1;2,897093E-3;1,261089E-1
5,424983E1;3,084582E-3;1,250492E-1
5,428314E1;3,351068E-3;1,227928E-1
5,431644E1;3,614330E-3;1,202309E-1
5,434974E1;3,840725E-3;1,205176E-1
5,438304E1;4,161195E-3;1,192019E-1
5,441635E1;4,391837E-3;1,172216E-1
5,444965E1;4,681146E-3;1,159237E-1
5,448295E1;4,953915E-3;1,123581E-1
5,451625E1;5,146458E-3;1,115338E-1
5,454956E1;5,518914E-3;1,109046E-1
5,458286E1;5,783376E-3;1,081407E-1
5,461616E1;6,039078E-3;1,068056E-1
5,464946E1;6,319507E-3;1,065803E-1
5,468277E1;6,549159E-3;1,050682E-1
5,471607E1;6,771302E-3;1,025841E-1
5,474937E1;7,062999E-3;9,955064E-2
5,478267E1;7,327844E-3;9,657933E-2
5,481598E1;7,589261E-3;9,695234E-2
5,484928E1;7,879132E-3;9,555716E-2
5,488258E1;8,133678E-3;9,303457E-2
5,491588E1;8,449305E-3;8,958948E-2
5,494919E1;8,685159E-3;8,825784E-2
5,498249E1;8,941121E-3;8,581913E-2
5,501579E1;9,194427E-3;8,337986E-2
5,504909E1;9,476800E-3;8,295745E-2
5,508240E1;9,733000E-3;7,973986E-2
5,511570E1;9,966478E-3;7,653731E-2
5,514900E1;1,023788E-2;7,501465E-2
5,518230E1;1,052177E-2;7,244173E-2
5,521561E1;1,072146E-2;6,978219E-2
5,524891E1;1,095074E-2;6,786770E-2
5,528221E1;1,119161E-2;6,580027E-2
5,531552E1;1,135355E-2;6,400457E-2
5,534882E1;1,163663E-2;6,074042E-2
5,538212E1;1,174103E-2;5,862145E-2
5,541542E1;1,192334E-2;5,659798E-2
5,544873E1;1,207028E-2;5,329349E-2
5,548203E1;1,229228E-2;5,194538E-2
5,551533E1;1,251136E-2;4,991370E-2
5,554863E1;1,273204E-2;4,745235E-2
5,558194E1;1,283444E-2;4,555033E-2
5,561524E1;1,294291E-2;4,170765E-2
5,564854E1;1,310598E-2;3,860742E-2
5,568184E1;1,328091E-2;3,584380E-2
5,571515E1;1,345167E-2;3,293857E-2
5,574845E1;1,340978E-2;3,076865E-2
5,578175E1;1,357412E-2;2,800606E-2
5,581505E1;1,374268E-2;2,549811E-2
5,584836E1;1,375030E-2;2,458515E-2
5,588166E1;1,388599E-2;2,165720E-2
5,591496E1;1,394459E-2;1,705255E-2
5,594826E1;1,396723E-2;1,433921E-2
5,598157E1;1,396989E-2;1,214134E-2
5,601487E1;1,395142E-2;1,026251E-2
5,604817E1;1,400598E-2;6,533151E-3
5,608147E1;1,391541E-2;4,918484E-3
5,611478E1;1,393833E-2;3,009577E-3
5,614808E1;1,390273E-2;1,298877E-3
5,618138E1;1,388067E-2;2,789083E-3
5,621468E1;1,386075E-2;5,665742E-3
5,624799E1;1,387341E-2;9,126115E-3
5,628129E1;1,381656E-2;1,087062E-2
5,631459E1;1,377971E-2;1,380431E-2
5,634789E1;1,372506E-2;1,631073E-2
5,638120E1;1,374330E-2;1,931721E-2
5,641450E1;1,372814E-2;2,324359E-2
5,644780E1;1,367212E-2;2,538836E-2
5,648110E1;1,367660E-2;2,832717E-2
5,651441E1;1,362448E-2;3,104889E-2
5,654771E1;1,358218E-2;3,233407E-2
5,658101E1;1,350038E-2;3,524229E-2
5,661431E1;1,322129E-2;3,831237E-2
5,664762E1;1,318063E-2;4,047707E-2
5,668092E1;1,295177E-2;4,248549E-2
5,671422E1;1,280736E-2;4,588660E-2
5,674752E1;1,266042E-2;4,914438E-2
5,678083E1;1,251019E-2;5,014068E-2
5,681413E1;1,232556E-2;5,194838E-2
5,684743E1;1,213542E-2;5,499674E-2
5,688073E1;1,190958E-2;5,884800E-2
5,691404E1;1,167092E-2;6,133390E-2
5,694734E1;1,152366E-2;6,266375E-2
5,698064E1;1,132837E-2;6,559567E-2
5,701394E1;1,108560E-2;6,862628E-2
5,704725E1;1,094127E-2;7,002731E-2
5,708055E1;1,070098E-2;7,324075E-2
5,711385E1;1,050473E-2;7,539717E-2
5,714715E1;1,029916E-2;7,722510E-2
5,718046E1;9,959646E-3;8,076145E-2
5,721376E1;9,702439E-3;8,332385E-2
5,724706E1;9,473986E-3;8,311357E-2
5,728036E1;9,173537E-3;8,463364E-2
5,731367E1;8,959233E-3;8,835276E-2
5,734697E1;8,649834E-3;9,054677E-2
5,738027E1;8,404704E-3;9,083840E-2
5,741357E1;8,143814E-3;9,374058E-2
5,744688E1;7,870865E-3;9,704893E-2
5,748018E1;7,568194E-3;9,795220E-2
5,751348E1;7,270004E-3;9,900480E-2
5,754679E1;7,130761E-3;1,013666E-1
5,758009E1;6,745619E-3;1,037576E-1
5,761339E1;6,570163E-3;1,041538E-1
5,764669E1;6,245183E-3;1,070489E-1
5,768000E1;5,959249E-3;1,106840E-1
5,771330E1;5,671953E-3;1,118315E-1
5,774660E1;5,426208E-3;1,119267E-1
5,777990E1;5,188521E-3;1,132214E-1
5,781321E1;4,952992E-3;1,151530E-1
5,784651E1;4,738991E-3;1,166802E-1
5,787981E1;4,424752E-3;1,188263E-1
5,791311E1;4,190325E-3;1,197868E-1
5,794642E1;3,918948E-3;1,213676E-1
5,797972E1;3,689866E-3;1,224728E-1
5,801302E1;3,507108E-3;1,240869E-1
5,804632E1;3,200732E-3;1,277832E-1
5,807963E1;3,038221E-3;1,256699E-1
5,811293E1;2,874322E-3;1,271470E-1
5,814623E1;2,670993E-3;1,292373E-1
5,817953E1;2,399944E-3;1,281372E-1
5,821284E1;2,206957E-3;1,310823E-1
5,824614E1;2,017899E-3;1,301107E-1
5,827944E1;1,809743E-3;1,304044E-1
5,831274E1;1,613819E-3;1,340979E-1
5,834605E1;1,448594E-3;1,322479E-1
5,837935E1;1,351942E-3;1,335825E-1
5,841265E1;1,104534E-3;1,367859E-1
5,844595E1;1,038734E-3;1,370889E-1
5,847926E1;9,638478E-4;1,353994E-1
5,851256E1;8,333744E-4;1,352366E-1
5,854586E1;7,279539E-4;1,395673E-1
5,857916E1;6,007334E-4;1,403046E-1
5,861247E1;5,295721E-4;1,374583E-1
5,864577E1;4,267512E-4;1,385250E-1
5,867907E1;4,421225E-4;1,369007E-1
5,871237E1;3,288673E-4;1,359358E-1
5,874568E1;2,413690E-4;1,402165E-1
5,877898E1;1,825747E-4;1,406283E-1
5,881228E1;1,587203E-4;1,402869E-1
5,884558E1;1,000818E-4;1,394304E-1
5,887889E1;9,471823E-5;1,386674E-1
5,891219E1;9,910932E-5;1,389283E-1
5,894549E1;1,111401E-4;1,394122E-1
5,897879E1;1,090585E-4;1,403034E-1
5,901210E1;1,586626E-4;1,407595E-1
5,904540E1;1,549531E-4;1,387839E-1
5,907870E1;2,103202E-4;1,378591E-1
5,911200E1;1,610817E-4;1,371207E-1
5,914531E1;2,637105E-4;1,377680E-1
5,917861E1;2,747962E-4;1,386216E-1
5,921191E1;3,063245E-4;1,386711E-1
5,924521E1;3,494785E-4;1,395115E-1
5,927852E1;4,259111E-4;1,381638E-1
5,931182E1;6,703806E-4;1,374046E-1
5,934512E1;7,312301E-4;1,328136E-1
5,937842E1;8,400728E-4;1,350977E-1
5,941173E1;9,559079E-4;1,367699E-1
5,944503E1;1,180121E-3;1,327565E-1
5,947833E1;1,344586E-3;1,353022E-1
5,951163E1;1,560275E-3;1,344896E-1
5,954494E1;1,730830E-3;1,313624E-1
5,957824E1;1,919599E-3;1,305865E-1
5,961154E1;2,086913E-3;1,287657E-1
5,964484E1;2,244077E-3;1,284499E-1
5,967815E1;2,555658E-3;1,290434E-1
5,971145E1;2,765498E-3;1,259747E-1
5,974475E1;2,952968E-3;1,268707E-1
5,977806E1;3,166046E-3;1,259288E-1
5,981136E1;3,357412E-3;1,244594E-1
5,984466E1;3,710289E-3;1,240666E-1
5,987796E1;3,897036E-3;1,215728E-1
5,991127E1;4,238967E-3;1,190806E-1
5,994457E1;4,454211E-3;1,180499E-1
5,997787E1;4,725043E-3;1,167453E-1
6,001117E1;4,947729E-3;1,164336E-1
6,004448E1;5,134488E-3;1,140035E-1
6,007778E1;5,440650E-3;1,111015E-1
6,011108E1;5,730940E-3;1,097852E-1
6,014438E1;6,101234E-3;1,086155E-1
6,017769E1;6,317342E-3;1,077167E-1
6,021099E1;6,609314E-3;1,066376E-1
6,024429E1;6,899547E-3;1,048018E-1
6,027759E1;7,190343E-3;1,024237E-1
6,031090E1;7,340542E-3;1,005222E-1
6,034420E1;7,693226E-3;1,007745E-1
6,037750E1;7,968707E-3;1,015061E-1
6,041080E1;8,276335E-3;9,399327E-2
6,044411E1;8,586767E-3;9,235596E-2
6,047741E1;8,835727E-3;9,025872E-2
6,051071E1;9,104381E-3;8,914907E-2
6,054401E1;9,438912E-3;8,728036E-2
6,057732E1;9,652018E-3;8,472509E-2
6,061062E1;9,963204E-3;8,394052E-2
6,064392E1;1,026345E-2;8,210818E-2
6,067722E1;1,049639E-2;7,902221E-2
6,071053E1;1,083791E-2;7,682463E-2
6,074383E1;1,103242E-2;7,500517E-2
6,077713E1;1,129291E-2;7,281811E-2
6,081043E1;1,153578E-2;7,058766E-2
6,084374E1;1,172715E-2;6,721399E-2
6,087704E1;1,199264E-2;6,464774E-2
6,091034E1;1,225309E-2;6,142613E-2
6,094364E1;1,246435E-2;6,180921E-2
6,097695E1;1,262475E-2;5,933850E-2
6,101025E1;1,288014E-2;5,525259E-2
6,104355E1;1,298813E-2;5,363516E-2
6,107685E1;1,311433E-2;5,115579E-2
6,111016E1;1,330724E-2;4,729724E-2
6,114346E1;1,347356E-2;4,646421E-2
6,117676E1;1,358687E-2;4,412818E-2
6,121006E1;1,384018E-2;4,079299E-2
6,124337E1;1,392926E-2;3,834210E-2
6,127667E1;1,403011E-2;3,689367E-2
6,130997E1;1,415067E-2;3,477793E-2
6,134327E1;1,434042E-2;3,159325E-2
6,137658E1;1,446610E-2;3,024553E-2
6,140988E1;1,460449E-2;2,794593E-2
6,144318E1;1,473006E-2;2,356976E-2
6,147648E1;1,485080E-2;2,067734E-2
6,150979E1;1,491429E-2;1,881716E-2
6,154309E1;1,492318E-2;1,520715E-2
6,157639E1;1,495358E-2;1,360318E-2
6,160969E1;1,498527E-2;1,104659E-2
6,164300E1;1,496201E-2;6,941152E-3
6,167630E1;1,499905E-2;5,184070E-3
6,170960E1;1,499299E-2;3,405220E-3
6,174290E1;1,493060E-2;8,276422E-4
6,177621E1;1,494266E-2;1,329873E-3
6,180951E1;1,491783E-2;3,596477E-3
6,184281E1;1,488230E-2;5,807565E-3
6,187611E1;1,487696E-2;9,585280E-3
6,190942E1;1,484304E-2;1,472718E-2
6,194272E1;1,482735E-2;1,740515E-2
6,197602E1;1,480976E-2;1,827261E-2
6,200933E1;1,475822E-2;2,000383E-2
6,204263E1;1,473456E-2;2,205035E-2
6,207593E1;1,472723E-2;2,451447E-2
6,210923E1;1,465726E-2;2,780239E-2
6,214254E1;1,456636E-2;3,020132E-2
6,217584E1;1,437986E-2;3,143681E-2
6,220914E1;1,421030E-2;3,512116E-2
6,224244E1;1,402715E-2;3,894982E-2
6,227575E1;1,384884E-2;4,125974E-2
6,230905E1;1,373328E-2;4,323275E-2
6,234235E1;1,365769E-2;4,506731E-2
6,237565E1;1,351754E-2;4,727315E-2
6,240896E1;1,328950E-2;4,912145E-2
6,244226E1;1,304832E-2;5,284014E-2
6,247556E1;1,290331E-2;5,565397E-2
6,250886E1;1,265391E-2;5,772701E-2
6,254217E1;1,256447E-2;6,026471E-2
6,257547E1;1,233587E-2;6,236003E-2
6,260877E1;1,208317E-2;6,466315E-2
6,264207E1;1,181664E-2;6,642881E-2
6,267538E1;1,157151E-2;7,000555E-2
6,270868E1;1,138943E-2;7,229122E-2
6,274198E1;1,110554E-2;7,287926E-2
6,277528E1;1,097051E-2;7,686784E-2
6,280859E1;1,068373E-2;7,757445E-2
6,284189E1;1,044500E-2;7,960851E-2
6,287519E1;1,017736E-2;8,415244E-2
6,290849E1;9,782768E-3;8,455612E-2
6,294180E1;9,521393E-3;8,435538E-2
6,297510E1;9,382193E-3;8,791771E-2
6,300840E1;9,056518E-3;9,331746E-2
6,304170E1;8,744622E-3;9,331313E-2
6,307501E1;8,456316E-3;9,554193E-2
6,310831E1;8,163384E-3;9,645510E-2
6,314161E1;7,775540E-3;9,810408E-2
6,317491E1;7,621989E-3;9,987605E-2
6,320822E1;7,370604E-3;1,011934E-1
6,324152E1;7,125471E-3;1,034925E-1
6,327482E1;6,780121E-3;1,041644E-1
6,330812E1;6,576964E-3;1,059646E-1
6,334143E1;6,277146E-3;1,090683E-1
6,337473E1;5,995653E-3;1,112199E-1
6,340803E1;5,639464E-3;1,118949E-1
6,344133E1;5,468627E-3;1,129168E-1
6,347464E1;5,229085E-3;1,160827E-1
6,350794E1;4,925283E-3;1,176889E-1
6,354124E1;4,717410E-3;1,173117E-1
6,357454E1;4,418800E-3;1,202708E-1
6,360785E1;4,225146E-3;1,218407E-1
6,364115E1;3,884583E-3;1,208392E-1
6,367445E1;3,699719E-3;1,221993E-1
6,370775E1;3,408174E-3;1,233457E-1
6,374106E1;3,180965E-3;1,222955E-1
6,377436E1;3,027761E-3;1,282088E-1
6,380766E1;2,860327E-3;1,288633E-1
6,384096E1;2,691908E-3;1,293446E-1
6,387427E1;2,462802E-3;1,292908E-1
6,390757E1;2,267450E-3;1,262516E-1
6,394087E1;2,094012E-3;1,316862E-1
6,397417E1;1,880824E-3;1,332299E-1
6,400748E1;1,692039E-3;1,320743E-1
6,404078E1;1,371632E-3;1,348856E-1
6,407408E1;1,233093E-3;1,337060E-1
6,410739E1;1,048160E-3;1,320549E-1
6,414069E1;9,564046E-4;1,345031E-1
6,417399E1;9,149515E-4;1,391674E-1
6,420729E1;8,115422E-4;1,397295E-1
6,424060E1;7,160296E-4;1,363052E-1
6,427390E1;5,577505E-4;1,354897E-1
6,430720E1;5,363551E-4;1,354114E-1
6,434050E1;4,866501E-4;1,392523E-1
6,437381E1;3,661872E-4;1,403686E-1
6,440711E1;2,310118E-4;1,378536E-1
6,444041E1;1,705452E-4;1,368523E-1
6,447371E1;1,163420E-4;1,375438E-1
6,450702E1;7,517430E-5;1,402091E-1
6,454032E1;7,354448E-5;1,388220E-1
6,457362E1;7,789578E-5;1,385638E-1
6,460692E1;5,459281E-5;1,377585E-1
6,464023E1;8,984305E-5;1,384171E-1
6,467353E1;9,978981E-5;1,403487E-1
6,470683E1;1,288554E-4;1,379108E-1
6,474013E1;1,239101E-4;1,378784E-1
6,477344E1;1,598925E-4;1,395688E-1
6,480674E1;2,177107E-4;1,378323E-1
6,484004E1;2,362594E-4;1,375838E-1
6,487334E1;2,657113E-4;1,380787E-1
6,490665E1;2,584395E-4;1,378865E-1
6,493995E1;3,064892E-4;1,378676E-1
6,497325E1;3,512181E-4;1,342873E-1
6,500655E1;4,915744E-4;1,335650E-1
6,503986E1;6,605695E-4;1,349839E-1
6,507316E1;7,658879E-4;1,352669E-1
6,510646E1;8,817857E-4;1,319562E-1
6,513976E1;1,076908E-3;1,309887E-1
6,517307E1;1,209757E-3;1,337086E-1
6,520637E1;1,382114E-3;1,302842E-1
6,523967E1;1,569850E-3;1,290310E-1
6,527297E1;1,805532E-3;1,280564E-1
6,530628E1;2,044561E-3;1,262495E-1
6,533958E1;2,222632E-3;1,268769E-1
6,537288E1;2,405101E-3;1,243519E-1
6,540618E1;2,578490E-3;1,245907E-1
6,543949E1;2,757829E-3;1,245491E-1
6,547279E1;3,004418E-3;1,220410E-1
6,550609E1;3,329387E-3;1,223957E-1
6,553939E1;3,527149E-3;1,194516E-1
6,557270E1;3,719808E-3;1,184778E-1
6,560600E1;4,003321E-3;1,180166E-1
6,563930E1;4,253914E-3;1,152035E-1
6,567260E1;4,468402E-3;1,148331E-1
6,570591E1;4,718971E-3;1,139888E-1
6,573921E1;4,968098E-3;1,105495E-1
6,577251E1;5,190115E-3;1,096081E-1
6,580581E1;5,503001E-3;1,097094E-1
6,583912E1;5,752461E-3;1,083758E-1
6,587242E1;6,082883E-3;1,060683E-1
6,590572E1;6,306310E-3;1,037644E-1
6,593902E1;6,572524E-3;1,014572E-1
6,597233E1;6,781952E-3;9,964445E-2
6,600563E1;7,140700E-3;9,753773E-2
6,603893E1;7,367302E-3;9,437552E-2
6,607223E1;7,655670E-3;9,320728E-2
6,610554E1;7,852274E-3;9,184726E-2
6,613884E1;8,185911E-3;9,005283E-2
6,617214E1;8,459434E-3;8,765348E-2
6,620544E1;8,681048E-3;8,526921E-2
6,623875E1;8,881206E-3;8,440602E-2
6,627205E1;9,187553E-3;8,100221E-2
6,630535E1;9,395427E-3;7,751242E-2
6,633866E1;9,686544E-3;7,683762E-2
6,637196E1;9,885755E-3;7,500366E-2
6,640526E1;1,022714E-2;7,120650E-2
6,643856E1;1,038501E-2;6,998639E-2
6,647187E1;1,075287E-2;6,860915E-2
6,650517E1;1,090184E-2;6,369447E-2
6,653847E1;1,109212E-2;6,257421E-2
6,657177E1;1,126406E-2;6,134356E-2
6,660508E1;1,142713E-2;5,756789E-2
6,663838E1;1,163939E-2;5,483379E-2
6,667168E1;1,177226E-2;5,368787E-2
6,670498E1;1,194512E-2;5,046043E-2
6,673829E1;1,213185E-2;4,701860E-2
6,677159E1;1,230062E-2;4,604815E-2
6,680489E1;1,246688E-2;4,271314E-2
6,683819E1;1,251826E-2;4,140491E-2
6,687150E1;1,277475E-2;3,988167E-2
6,690480E1;1,284017E-2;3,659875E-2
6,693810E1;1,292591E-2;3,364883E-2
6,697140E1;1,303735E-2;3,119348E-2
6,700471E1;1,321297E-2;3,031230E-2
6,703801E1;1,332357E-2;2,698295E-2
6,707131E1;1,343771E-2;2,305665E-2
6,710461E1;1,349955E-2;1,909203E-2
6,713792E1;1,344389E-2;1,784246E-2
6,717122E1;1,349961E-2;1,721316E-2
6,720452E1;1,349569E-2;1,255725E-2
6,723782E1;1,354340E-2;7,907018E-3
6,727113E1;1,360519E-2;7,162302E-3
6,730443E1;1,371132E-2;4,919547E-3
6,733773E1;1,376409E-2;1,916123E-3
6,737103E1;1,380993E-2;1,511238E-3
6,740434E1;1,379646E-2;3,593946E-3
6,743764E1;1,376820E-2;4,957795E-3
6,747094E1;1,381851E-2;9,516582E-3
6,750424E1;1,374859E-2;1,251034E-2
6,753755E1;1,371006E-2;1,394963E-2
6,757085E1;1,368048E-2;1,637059E-2
6,760415E1;1,366851E-2;1,879668E-2
6,763745E1;1,368517E-2;2,339874E-2
6,767076E1;1,361214E-2;2,518818E-2
6,770406E1;1,364740E-2;2,766552E-2
6,773736E1;1,356844E-2;3,173239E-2
6,777066E1;1,359628E-2;3,201601E-2
6,780397E1;1,343466E-2;3,523720E-2
6,783727E1;1,321501E-2;3,700380E-2
6,787057E1;1,301266E-2;3,835221E-2
6,790387E1;1,280708E-2;4,274259E-2
6,793718E1;1,272243E-2;4,617190E-2
6,797048E1;1,262750E-2;4,759073E-2
6,800378E1;1,246613E-2;4,984736E-2
6,803708E1;1,219695E-2;5,286183E-2
6,807039E1;1,194491E-2;5,436309E-2
6,810369E1;1,172046E-2;5,771893E-2
6,813699E1;1,161721E-2;5,999650E-2
6,817029E1;1,131917E-2;6,162222E-2
6,820360E1;1,109209E-2;6,212391E-2
6,823690E1;1,087997E-2;6,591261E-2
6,827020E1;1,065490E-2;7,118980E-2
6,830350E1;1,041141E-2;7,148315E-2
6,833681E1;1,022462E-2;7,309672E-2
6,837011E1;9,905308E-3;7,544530E-2
6,840341E1;9,714130E-3;7,778124E-2
6,843671E1;9,443396E-3;7,857205E-2
6,847002E1;9,259268E-3;8,091787E-2
6,850332E1;8,973442E-3;8,422599E-2
6,853662E1;8,745475E-3;8,682201E-2
6,856993E1;8,423449E-3;8,797109E-2
6,860323E1;8,197308E-3;9,008589E-2
6,863653E1;7,906913E-3;9,373339E-2
6,866983E1;7,587576E-3;9,403613E-2
6,870314E1;7,342739E-3;9,581119E-2
6,873644E1;7,075754E-3;9,797414E-2
6,876974E1;6,860077E-3;9,947196E-2
6,880304E1;6,603933E-3;1,026219E-1
6,883635E1;6,353986E-3;1,032332E-1
6,886965E1;6,075005E-3;1,042132E-1
6,890295E1;5,782835E-3;1,070964E-1
6,893625E1;5,521378E-3;1,097888E-1
6,896956E1;5,231396E-3;1,105128E-1
6,900286E1;5,051509E-3;1,107439E-1
6,903616E1;4,794742E-3;1,127193E-1
6,906946E1;4,575258E-3;1,154631E-1
6,910277E1;4,271778E-3;1,154024E-1
6,913607E1;4,012923E-3;1,169350E-1
6,916937E1;3,704984E-3;1,195775E-1
6,920267E1;3,482720E-3;1,186574E-1
6,923598E1;3,231046E-3;1,192521E-1
6,926928E1;2,977983E-3;1,212496E-1
6,930258E1;2,758533E-3;1,256148E-1
6,933588E1;2,565381E-3;1,237572E-1
6,936919E1;2,418422E-3;1,245485E-1
6,940249E1;2,182067E-3;1,286780E-1
6,943579E1;2,042882E-3;1,261749E-1
6,946909E1;1,887361E-3;1,282175E-1
6,950240E1;1,624321E-3;1,304994E-1
6,953570E1;1,491804E-3;1,283541E-1
6,956900E1;1,280979E-3;1,290370E-1
6,960230E1;1,153650E-3;1,327969E-1
6,963561E1;9,997893E-4;1,340468E-1
6,966891E1;9,714121E-4;1,325194E-1
6,970221E1;8,832134E-4;1,333756E-1
6,973551E1;7,169970E-4;1,351089E-1
6,976882E1;5,902764E-4;1,364375E-1
6,980212E1;5,484310E-4;1,362108E-1
6,983542E1;4,483854E-4;1,365255E-1
6,986872E1;4,345405E-4;1,375335E-1
6,990203E1;4,232675E-4;1,362472E-1
6,993533E1;3,051092E-4;1,357366E-1
6,996863E1;2,270409E-4;1,379545E-1
7,000193E1;1,761850E-4;1,389325E-1
7,003524E1;9,109650E-5;1,370059E-1
7,006854E1;8,520055E-5;1,371431E-1
7,010184E1;6,822784E-5;1,384774E-1
7,013514E1;4,819452E-5;1,377394E-1
7,016845E1;6,105161E-5;1,370590E-1
7,020175E1;8,759487E-5;1,388908E-1
7,023505E1;1,513739E-4;1,390287E-1
7,026835E1;1,223073E-4;1,359523E-1
7,030166E1;1,704469E-4;1,362575E-1
7,033496E1;1,943779E-4;1,376302E-1
7,036826E1;1,965498E-4;1,361143E-1
7,040156E1;2,405570E-4;1,355589E-1
7,043487E1;2,588193E-4;1,352587E-1
7,046817E1;3,208919E-4;1,349984E-1
7,050147E1;3,106926E-4;1,365430E-1
7,053477E1;3,891610E-4;1,362664E-1
7,056808E1;6,517116E-4;1,337584E-1
7,060138E1;7,820176E-4;1,364051E-1
7,063468E1;9,356426E-4;1,358673E-1
7,066798E1;1,111269E-3;1,304037E-1
7,070129E1;1,221289E-3;1,284552E-1
7,073459E1;1,369075E-3;1,313232E-1
7,076789E1;1,604303E-3;1,321842E-1
7,080120E1;1,823408E-3;1,279168E-1
7,083450E1;1,924398E-3;1,292169E-1
7,086780E1;2,094484E-3;1,270263E-1
7,090110E1;2,353322E-3;1,233092E-1
7,093441E1;2,447784E-3;1,273239E-1
7,096771E1;2,657815E-3;1,257610E-1
7,100101E1;2,918375E-3;1,248512E-1
7,103431E1;3,137298E-3;1,240691E-1
7,106762E1;3,323648E-3;1,210730E-1
7,110092E1;3,669446E-3;1,196578E-1
7,113422E1;4,004183E-3;1,195425E-1
7,116752E1;4,179574E-3;1,181550E-1
7,120083E1;4,375550E-3;1,156792E-1
7,123413E1;4,701805E-3;1,135425E-1
7,126743E1;4,971297E-3;1,141646E-1
7,130073E1;5,188510E-3;1,123164E-1
7,133404E1;5,475799E-3;1,098163E-1
7,136734E1;5,771637E-3;1,094089E-1
7,140064E1;6,154671E-3;1,073422E-1
7,143394E1;6,397486E-3;1,057799E-1
7,146725E1;6,591044E-3;1,035368E-1
7,150055E1;6,892570E-3;1,019351E-1
7,153385E1;7,136828E-3;1,001389E-1
7,156715E1;7,303605E-3;9,799485E-2
7,160046E1;7,569065E-3;9,537130E-2
7,163376E1;7,908732E-3;9,372593E-2
7,166706E1;8,265844E-3;9,226639E-2
7,170036E1;8,462493E-3;9,071554E-2
7,173367E1;8,691143E-3;8,858600E-2
7,176697E1;8,950422E-3;8,615247E-2
7,180027E1;9,196367E-3;8,304243E-2
7,183357E1;9,534790E-3;8,307494E-2
7,186688E1;9,751199E-3;8,197854E-2
7,190018E1;1,005810E-2;7,850246E-2
7,193348E1;1,032769E-2;7,756201E-2
7,196678E1;1,058120E-2;7,519381E-2
7,200009E1;1,077418E-2;7,230240E-2
7,203339E1;1,105015E-2;7,101693E-2
7,206669E1;1,126930E-2;6,863059E-2
7,209999E1;1,146757E-2;6,478408E-2
7,213330E1;1,170983E-2;6,202414E-2
7,216660E1;1,196952E-2;6,079122E-2
7,219990E1;1,228347E-2;5,746985E-2
7,223320E1;1,244186E-2;5,573467E-2
7,226651E1;1,265361E-2;5,346778E-2
7,229981E1;1,281741E-2;4,987020E-2
7,233311E1;1,298645E-2;4,711772E-2
7,236641E1;1,300560E-2;4,661716E-2
7,239972E1;1,315329E-2;4,452290E-2
7,243302E1;1,338915E-2;4,121415E-2
7,246632E1;1,349396E-2;3,902444E-2
7,249962E1;1,359836E-2;3,538321E-2
7,253293E1;1,376905E-2;3,302372E-2
7,256623E1;1,390072E-2;3,247942E-2
7,259953E1;1,400091E-2;2,993645E-2
7,263283E1;1,402949E-2;2,626398E-2
7,266614E1;1,410719E-2;2,332809E-2
7,269944E1;1,426801E-2;2,113600E-2
7,273274E1;1,439714E-2;1,929581E-2
7,276604E1;1,448089E-2;1,632778E-2
7,279935E1;1,447721E-2;1,369439E-2
7,283265E1;1,445824E-2;1,091815E-2
7,286595E1;1,449077E-2;7,601816E-3
7,289925E1;1,446817E-2;4,873577E-3
7,293256E1;1,449953E-2;3,410334E-3
7,296586E1;1,446384E-2;1,793358E-3
7,299916E1;1,443442E-2;8,888548E-4
7,303247E1;1,441749E-2;3,673857E-3
7,306577E1;1,439389E-2;7,729968E-3
7,309907E1;1,437722E-2;1,018840E-2
7,313237E1;1,432370E-2;1,248100E-2
7,316568E1;1,432642E-2;1,451055E-2
7,319898E1;1,428484E-2;1,708257E-2
7,323228E1;1,424823E-2;2,015930E-2
7,326558E1;1,423345E-2;2,182863E-2
7,329889E1;1,417592E-2;2,376786E-2
7,333219E1;1,409873E-2;2,738750E-2
7,336549E1;1,405243E-2;3,009773E-2
7,339879E1;1,379112E-2;3,216544E-2
7,343210E1;1,371229E-2;3,320931E-2
7,346540E1;1,366161E-2;3,604474E-2
7,349870E1;1,359458E-2;4,071736E-2
7,353200E1;1,348018E-2;4,203341E-2
7,356531E1;1,326886E-2;4,368907E-2
7,359861E1;1,313673E-2;4,632576E-2
7,363191E1;1,301646E-2;5,030627E-2
7,366521E1;1,288243E-2;5,260774E-2
7,369852E1;1,270872E-2;5,227711E-2
7,373182E1;1,253803E-2;5,626594E-2
7,376512E1;1,230172E-2;5,998034E-2
7,379842E1;1,210804E-2;6,134723E-2
7,383173E1;1,189155E-2;6,259447E-2
7,386503E1;1,165704E-2;6,371031E-2
7,389833E1;1,147548E-2;6,802374E-2
7,393163E1;1,125570E-2;7,051137E-2
7,396494E1;1,100933E-2;7,251624E-2
7,399824E1;1,079790E-2;7,479979E-2
7,403154E1;1,055352E-2;7,724228E-2
7,406484E1;1,022050E-2;7,997133E-2
7,409815E1;9,924749E-3;8,181856E-2
7,413145E1;9,697175E-3;8,289527E-2
7,416475E1;9,445717E-3;8,547829E-2
7,419805E1;9,232799E-3;8,747885E-2
7,423136E1;8,937965E-3;8,875364E-2
7,426466E1;8,689829E-3;9,010702E-2
7,429796E1;8,468588E-3;9,200628E-2
7,433126E1;8,213901E-3;9,475491E-2
7,436457E1;7,867078E-3;9,508940E-2
7,439787E1;7,600221E-3;9,685509E-2
7,443117E1;7,368465E-3;9,946657E-2
7,446447E1;7,114137E-3;1,003220E-1
7,449778E1;6,829925E-3;1,029790E-1
7,453108E1;6,547777E-3;1,049496E-1
7,456438E1;6,309630E-3;1,060372E-1
7,459768E1;6,065175E-3;1,082048E-1
7,463099E1;5,790386E-3;1,102748E-1
7,466429E1;5,467557E-3;1,112538E-1
7,469759E1;5,174793E-3;1,131150E-1
7,473089E1;5,011061E-3;1,140123E-1
7,476420E1;4,749334E-3;1,153862E-1
7,479750E1;4,513389E-3;1,173209E-1
7,483080E1;4,259314E-3;1,183086E-1
7,486410E1;4,011905E-3;1,201242E-1
7,489741E1;3,708725E-3;1,210156E-1
7,493071E1;3,469887E-3;1,218081E-1
7,496401E1;3,188780E-3;1,203182E-1
7,499731E1;3,079200E-3;1,252764E-1
7,503062E1;2,849480E-3;1,263124E-1
7,506392E1;2,718390E-3;1,236336E-1
7,509722E1;2,521609E-3;1,285435E-1
7,513052E1;2,294096E-3;1,294976E-1
7,516383E1;2,121515E-3;1,279974E-1
7,519713E1;1,988104E-3;1,321973E-1
7,523043E1;1,849385E-3;1,305203E-1
7,526374E1;1,660392E-3;1,282913E-1
7,529704E1;1,528093E-3;1,342718E-1
7,533034E1;1,310938E-3;1,351208E-1
7,536364E1;1,191607E-3;1,310774E-1
7,539695E1;1,031619E-3;1,317984E-1
7,543025E1;9,921904E-4;1,362150E-1
7,546355E1;8,517370E-4;1,373659E-1
7,549685E1;7,900041E-4;1,345825E-1
7,553016E1;6,541670E-4;1,341115E-1
7,556346E1;6,243171E-4;1,359273E-1
7,559676E1;5,741505E-4;1,347611E-1
7,563006E1;4,649273E-4;1,343056E-1
7,566337E1;4,610521E-4;1,348450E-1
7,569667E1;4,030455E-4;1,361117E-1
7,572997E1;4,474423E-4;1,380709E-1
7,576327E1;4,493749E-4;1,374465E-1
7,579658E1;4,558983E-4;1,380545E-1
7,582988E1;4,958945E-4;1,371238E-1
7,586318E1;5,016638E-4;1,358599E-1
7,589648E1;4,727794E-4;1,363673E-1
7,592979E1;5,554741E-4;1,376510E-1
7,596309E1;5,447892E-4;1,383124E-1
7,599639E1;5,985198E-4;1,370117E-1
7,602969E1;6,212107E-4;1,355145E-1
7,606300E1;6,690573E-4;1,352543E-1
7,609630E1;7,193721E-4;1,361692E-1
7,612960E1;7,153147E-4;1,361531E-1
7,616290E1;7,535304E-4;1,362505E-1
7,619621E1;8,029175E-4;1,355202E-1
7,622951E1;8,559641E-4;1,318325E-1
7,626281E1;9,032560E-4;1,321155E-1
7,629611E1;1,135495E-3;1,338799E-1
7,632942E1;1,247002E-3;1,323697E-1
7,636272E1;1,378192E-3;1,291554E-1
7,639602E1;1,500551E-3;1,292233E-1
7,642932E1;1,728915E-3;1,304747E-1
7,646263E1;1,866643E-3;1,276242E-1
7,649593E1;2,022920E-3;1,277633E-1
7,652923E1;2,261699E-3;1,282064E-1
7,656253E1;2,386015E-3;1,251827E-1
7,659584E1;2,495670E-3;1,253067E-1
7,662914E1;2,770491E-3;1,269697E-1
7,666244E1;2,947716E-3;1,234362E-1
7,669574E1;3,115236E-3;1,202493E-1
7,672905E1;3,372277E-3;1,190828E-1
7,676235E1;3,610549E-3;1,181048E-1
7,679565E1;3,842194E-3;1,177531E-1
7,682895E1;4,121151E-3;1,161241E-1
7,686226E1;4,380095E-3;1,160641E-1
7,689556E1;4,570698E-3;1,132457E-1
7,692886E1;4,718385E-3;1,115795E-1
7,696216E1;4,979861E-3;1,111802E-1
7,699547E1;5,214139E-3;1,086678E-1
7,702877E1;5,476859E-3;1,079069E-1
7,706207E1;5,782426E-3;1,048809E-1
7,709537E1;6,025651E-3;1,027804E-1
7,712868E1;6,309606E-3;1,018093E-1
7,716198E1;6,539693E-3;1,002963E-1
7,719528E1;6,799780E-3;9,982269E-2
7,722858E1;7,023294E-3;9,579335E-2
7,726189E1;7,288306E-3;9,384190E-2
7,729519E1;7,569525E-3;9,324676E-2
7,732849E1;7,784897E-3;9,077196E-2
7,736179E1;8,104656E-3;8,783723E-2
7,739510E1;8,345540E-3;8,565021E-2
7,742840E1;8,623465E-3;8,458259E-2
7,746170E1;8,823436E-3;8,231465E-2
7,749501E1;9,122278E-3;8,169593E-2
7,752831E1;9,283818E-3;7,863998E-2
7,756161E1;9,486352E-3;7,560876E-2
7,759491E1;9,742643E-3;7,312231E-2
7,762822E1;9,912208E-3;7,198379E-2
7,766152E1;1,021754E-2;6,948485E-2
7,769482E1;1,038004E-2;6,579264E-2
7,772812E1;1,052651E-2;6,471446E-2
7,776143E1;1,073455E-2;6,343002E-2
7,779473E1;1,091493E-2;6,240871E-2
7,782803E1;1,120580E-2;5,808198E-2
7,786133E1;1,137090E-2;5,413257E-2
7,789464E1;1,153355E-2;5,223914E-2
7,792794E1;1,175330E-2;4,993588E-2
7,796124E1;1,190233E-2;4,725157E-2
7,799454E1;1,206573E-2;4,470952E-2
7,802785E1;1,222638E-2;4,293410E-2
7,806115E1;1,233257E-2;4,124093E-2
7,809445E1;1,247392E-2;3,735462E-2
7,812775E1;1,265395E-2;3,436520E-2
7,816106E1;1,270404E-2;3,435125E-2
7,819436E1;1,279371E-2;3,258757E-2
7,822766E1;1,291100E-2;3,011762E-2
7,826096E1;1,289597E-2;2,719022E-2
7,829427E1;1,298221E-2;2,164501E-2
7,832757E1;1,305698E-2;1,714464E-2
7,836087E1;1,316747E-2;1,732324E-2
7,839417E1;1,329164E-2;1,513777E-2
7,842748E1;1,335262E-2;1,190955E-2
7,846078E1;1,335170E-2;1,011760E-2
7,849408E1;1,340764E-2;6,807947E-3
7,852738E1;1,334668E-2;4,836950E-3
7,856069E1;1,337488E-2;2,642713E-3
