-1.5 2.69140625
-1.496996996996997 2.46051126669804
-1.493993993993994 2.234374351436139
-1.490990990990991 2.012930678187772
-1.487987987987988 1.7961160957325817
-1.484984984984985 1.5838671222003482
-1.481981981981982 1.3761209396476166
-1.478978978978979 1.1728153886671762
-1.475975975975976 0.9738889630301277
-1.472972972972973 0.7792808043603341
-1.46996996996997 0.5889306968413832
-1.466966966966967 0.4027790619556153
-1.4639639639639639 0.22076695325525764
-1.460960960960961 0.0428360511655872
-1.457957957957958 -0.13107134218025518
-1.454954954954955 -0.3010123080745313
-1.451951951951952 -0.46704331633683527
-1.4489489489489489 -0.6292202303844578
-1.445945945945946 -0.7875983122715131
-1.442942942942943 -0.9422322276968833
-1.43993993993994 -1.0931760509811053
-1.436936936936937 -1.2404832700123434
-1.4339339339339339 -1.3842067911616351
-1.430930930930931 -1.5243989441673889
-1.427927927927928 -1.661111486989463
-1.424924924924925 -1.7943956106327148
-1.421921921921922 -1.9243019439404012
-1.4189189189189189 -2.050880558357342
-1.415915915915916 -2.174180972663107
-1.412912912912913 -2.29425215767533
-1.40990990990991 -2.41114254092318
-1.406906906906907 -2.524900011291254
-1.4039039039039038 -2.635571923633952
-1.4009009009009008 -2.743205103360424
-1.397897897897898 -2.847845850990283
-1.394894894894895 -2.9495399466801873
-1.3918918918918919 -3.0483326547213467
-1.3888888888888888 -3.144268728008198
-1.3858858858858858 -3.237392412478302
-1.382882882882883 -3.3277474515235648
-1.37987987987988 -3.4153770903729797
-1.3768768768768769 -3.5003240804469327
-1.3738738738738738 -3.58263068368327
-1.3708708708708708 -3.6623386768351676
-1.367867867867868 -3.7394893557410276
-1.364864864864865 -3.814123539566438
-1.3618618618618619 -3.886281575018324
-1.3588588588588588 -3.9560033405314705
-1.3558558558558558 -4.0233282504275
-1.352852852852853 -4.088295259046405
-1.34984984984985 -4.1509428648508075
-1.3468468468468469 -4.211309114503009
-1.3438438438438438 -4.269431606915008
-1.3408408408408408 -4.325347497271563
-1.3378378378378377 -4.37909350102643
-1.334834834834835 -4.4307058978719205
-1.3318318318318318 -4.480220535681861
-1.3288288288288288 -4.527672834428083
-1.3258258258258258 -4.573097790070589
-1.3228228228228227 -4.6165299784214815
-1.3198198198198199 -4.658003558982786
-1.3168168168168168 -4.697552278758287
-1.3138138138138138 -4.73520947603949
-1.3108108108108107 -4.771008084165821
-1.3078078078078077 -4.804980635259201
-1.3048048048048049 -4.837159263933099
-1.3018018018018018 -4.867575710976179
-1.2987987987987988 -4.896261327010645
-1.2957957957957957 -4.9232470761254294
-1.2927927927927927 -4.948563539484328
-1.2897897897897899 -4.972240918909181
-1.2867867867867868 -4.99430904043824
-1.2837837837837838 -5.01479735785982
-1.2807807807807807 -5.033734956221345
-1.2777777777777777 -5.051150555313929
-1.2747747747747749 -5.067072513132588
-1.2717717717717718 -5.081528829312185
-1.2687687687687688 -5.094547148539242
-1.2657657657657657 -5.106154763939733
-1.2627627627627627 -5.116378620442949
-1.2597597597597598 -5.125245318121573
-1.2567567567567568 -5.132781115508071
-1.2537537537537538 -5.139011932887485
-1.2507507507507507 -5.143963355566786
-1.2477477477477477 -5.147660637120869
-1.2447447447447448 -5.150128702615289
-1.2417417417417418 -5.1513921518059
-1.2387387387387387 -5.151475262315442
-1.2357357357357357 -5.150401992787245
-1.2327327327327327 -5.148195986016122
-1.2297297297297298 -5.1448805720565804
-1.2267267267267268 -5.140478771308445
-1.2237237237237237 -5.1350132975800395
-1.2207207207207207 -5.128506561128972
-1.2177177177177176 -5.1209806716807025
-1.2147147147147148 -5.112457441424954
-1.2117117117117118 -5.102958387990097
-1.2087087087087087 -5.0925047373956005
-1.2057057057057057 -5.081117426982686
-1.2027027027027026 -5.068817108323253
-1.1996996996996998 -5.055624150107214
-1.1966966966966968 -5.041558641008334
-1.1936936936936937 -5.026640392528687
-1.1906906906906907 -5.010888941821829
-1.1876876876876876 -4.994323554494788
-1.1846846846846848 -4.97696322738901
-1.1816816816816818 -4.958826691340318
-1.1786786786786787 -4.939932413918033
-1.1756756756756757 -4.920298602143335
-1.1726726726726726 -4.899943205186983
-1.1696696696696698 -4.87888391704649
-1.1666666666666667 -4.857138179202866
-1.1636636636636637 -4.834723183257022
-1.1606606606606606 -4.8116558735459645
-1.1576576576576576 -4.787952949738832
-1.1546546546546548 -4.763630869412953
-1.1516516516516517 -4.738705850609944
-1.1486486486486487 -4.713193874372026
-1.1456456456456456 -4.687110687258618
-1.1426426426426426 -4.660471803843305
-1.1396396396396398 -4.633292509191328
-1.1366366366366367 -4.6055878613176455
-1.1336336336336337 -4.577372693625698
-1.1306306306306306 -4.548661617326969
-1.1276276276276276 -4.519469023841457
-1.1246246246246248 -4.489809087179122
-1.1216216216216215 -4.459695766302444
-1.1186186186186187 -4.429142807470203
-1.1156156156156156 -4.398163746562513
-1.1126126126126126 -4.366771911387296
-1.1096096096096097 -4.334980423968242
-1.1066066066066065 -4.302802202814346
-1.1036036036036037 -4.2702499651712
-1.1006006006006006 -4.237336229254001
-1.0975975975975976 -4.204073316462527
-1.0945945945945945 -4.170473353578056
-1.0915915915915915 -4.1365482749424025
-1.0885885885885886 -4.102309824619136
-1.0855855855855856 -4.067769558537062
-1.0825825825825826 -4.032938846616131
-1.0795795795795795 -3.997828874875786
-1.0765765765765765 -3.9624506475259036
-1.0735735735735736 -3.926814989040409
-1.0705705705705706 -3.8909325462136373
-1.0675675675675675 -3.854813790199601
-1.0645645645645645 -3.8184690185341665
-1.0615615615615615 -3.781908357140333
-1.0585585585585586 -3.745141762316612
-1.0555555555555556 -3.708179022708693
-1.0525525525525525 -3.6710297612644265
-1.0495495495495495 -3.633703437172243
-1.0465465465465464 -3.5962093477831
-1.0435435435435436 -3.558556630516044
-1.0405405405405406 -3.520754264747495
-1.0375375375375375 -3.4828110736843234
-1.0345345345345345 -3.4447357262208538
-1.0315315315315314 -3.4065367387798133
-1.0285285285285286 -3.3682224771374205
-1.0255255255255256 -3.3298011582326
-1.0225225225225225 -3.2912808519604946
-1.0195195195195195 -3.252669482950334
-1.0165165165165164 -3.213974832327743
-1.0135135135135136 -3.1752045394615998
-1.0105105105105106 -3.1363661036955097
-1.0075075075075075 -3.0974668860640326
-1.0045045045045045 -3.0585141109936966
-1.0015015015015014 -3.0195148679889225
-0.9984984984984985 -2.9804761133029443
-0.9954954954954955 -2.9414046715937925
-0.9924924924924925 -2.9023072375654797
-0.9894894894894894 -2.8631903775944183
-0.9864864864864865 -2.824060531341199
-0.9834834834834835 -2.784924013347796
-0.9804804804804805 -2.745787014620305
-0.9774774774774775 -2.7066556041972936
-0.9744744744744744 -2.667535730703838
-0.9714714714714715 -2.6284332238913652
-0.9684684684684685 -2.5893537961633486
-0.9654654654654655 -2.550303044086979
-0.9624624624624625 -2.5112864498908722
-0.9594594594594594 -2.472309382948918
-0.9564564564564565 -2.4333771012503425
-0.9534534534534534 -2.394494752856067
-0.9504504504504504 -2.3556673773414687
-0.9474474474474475 -2.316899907225615
-0.9444444444444444 -2.2781971693870418
-0.9414414414414415 -2.2395638864662013
-0.9384384384384384 -2.2010046782546073
-0.9354354354354354 -2.1625240630708165
-0.9324324324324325 -2.1241264591233007
-0.9294294294294294 -2.085816185860283
-0.9264264264264265 -2.0475974653066586
-0.9234234234234234 -2.0094744233880437
-0.9204204204204204 -1.971451091242061
-0.9174174174174174 -1.9335314065169351
-0.9144144144144144 -1.8957192146574755
-0.9114114114114115 -1.85801827017854
-0.9084084084084084 -1.820432237926044
-0.9054054054054054 -1.7829646943256288
-0.9024024024024024 -1.745619128619019
-0.8993993993993994 -1.7083989440882004
-0.8963963963963965 -1.6713074592674713
-0.8933933933933934 -1.6343479091434507
-0.8903903903903904 -1.5975234463431311
-0.8873873873873874 -1.560837142310052
-0.8843843843843844 -1.5242919884686623
-0.8813813813813813 -1.4878908973769742
-0.8783783783783784 -1.451636703867568
-0.8753753753753754 -1.4155321661770284
-0.8723723723723724 -1.3795799670639086
-0.8693693693693694 -1.3437827149152692
-0.8663663663663663 -1.3081429448419093
-0.8633633633633634 -1.2726631197623166
-0.8603603603603603 -1.2373456314754714
-0.8573573573573574 -1.2021928017225383
-0.8543543543543544 -1.1672068832375357
-0.8513513513513513 -1.1323900607870692
-0.8483483483483484 -1.0977444521991901
-0.8453453453453453 -1.0632721093814643
-0.8423423423423424 -1.0289750193283256
-0.8393393393393394 -0.9948551051177867
-0.8363363363363363 -0.9609142268975863
-0.8333333333333334 -0.9271541828608449
-0.8303303303303303 -0.8935767102112995
-0.8273273273273274 -0.8601834861182094
-0.8243243243243243 -0.8269761286609763
-0.8213213213213213 -0.7939561977635914
-0.8183183183183184 -0.7611251961189436
-0.8153153153153153 -0.7284845701030918
-0.8123123123123123 -0.696035710679562
-0.8093093093093093 -0.6637799542937444
-0.8063063063063063 -0.631718583757451
-0.8033033033033034 -0.599852829123741
-0.8003003003003003 -0.5681838685520324
-0.7972972972972973 -0.5367128291636281
-0.7942942942942943 -0.5054407878876859
-0.7912912912912913 -0.4743687722977161
-0.7882882882882883 -0.443497761438699
-0.7852852852852853 -0.41282868664484873
-0.7822822822822822 -0.38236243234814227
-0.7792792792792793 -0.35209983687765156
-0.7762762762762763 -0.3220416932497492
-0.7732732732732733 -0.29218874994928346
-0.7702702702702703 -0.2625417117017603
-0.7672672672672672 -0.2331012402366257
-0.7642642642642643 -0.20386795504170063
-0.7612612612612613 -0.17484243410884215
-0.7582582582582582 -0.14602521467091112
-0.7552552552552553 -0.11741679393009363
-0.7522522522522522 -0.08901762977765193
-0.7492492492492493 -0.06082814150519056
-0.7462462462462462 -0.032848710507467516
-0.7432432432432432 -0.005079680976856515
-0.7402402402402403 0.022478639410499213
-0.7372372372372372 0.04982597881677231
-0.7342342342342343 0.07696210057268593
-0.7312312312312312 0.10388680251587301
-0.7282282282282282 0.13059991633725265
-0.7252252252252253 0.1571013069353855
-0.7222222222222222 0.1833908717787418
-0.7192192192192193 0.20946854027578943
-0.7162162162162162 0.23533427315288513
-0.7132132132132132 0.2609880618398541
-0.7102102102102102 0.28642992786323074
-0.7072072072072072 0.3116599222470846
-0.7042042042042043 0.3366781249213566
-0.7012012012012012 0.36148464413766535
-0.6981981981981982 0.38607961589249684
-0.6951951951951952 0.4104632033577369
-0.6921921921921922 0.43463559631846715
-0.6891891891891891 0.4585970106179649
-0.6861861861861862 0.48234768760985913
-0.6831831831831832 0.505887893617363
-0.6801801801801802 0.5292179193995286
-0.6771771771771772 0.5523380796244699
-0.6741741741741741 0.5752487123494769
-0.6711711711711712 0.5979501785079782
-0.6681681681681682 0.6204428614032846
-0.6651651651651652 0.642727166209041
-0.6621621621621622 0.6648035194763549
-0.6591591591591591 0.6866723686475118
-0.6561561561561562 0.7083341815762394
-0.6531531531531531 0.729789446054457
-0.6501501501501502 0.751038669345439
-0.6471471471471472 0.7720823777233559
-0.6441441441441441 0.7929211160191123
-0.6411411411411412 0.8135554471724429
-0.6381381381381381 0.8339859517901969
-0.6351351351351351 0.854213227710755
-0.6321321321321322 0.8742378895745277
-0.6291291291291291 0.8940605684004748
-0.6261261261261262 0.9136819111685848
-0.6231231231231231 0.933102580408268
-0.6201201201201201 0.9523232537925961
-0.6171171171171171 0.9713446237383421
-0.6141141141141141 0.9901673970117617
-0.6111111111111112 1.0087922943400554
-0.6081081081081081 1.0272200500284667
-0.6051051051051051 1.0454514115829534
-0.6021021021021021 1.0634871393383807
-0.5990990990990991 1.0813280060921846
-0.5960960960960962 1.0989747967434438
-0.5930930930930931 1.1164283079373185
-0.5900900900900901 1.133689347714788
-0.5870870870870871 1.1507587351676487
-0.5840840840840841 1.1676373000987113
-0.5810810810810811 1.1843258826871423
-0.5780780780780781 1.2008253331589085
-0.575075075075075 1.2171365114622579
-0.5720720720720721 1.2332602869481994
-0.5690690690690691 1.2491975380559217
-0.566066066066066 1.2649491520030978
-0.5630630630630631 1.280516024481033
-0.56006006006006 1.2958990593546025
-0.5570570570570571 1.3110991683669178
-0.5540540540540541 1.3261172708486906
-0.551051051051051 1.34095429343223
-0.5480480480480481 1.3556111697700242
-0.545045045045045 1.3700888402578717
-0.5420420420420421 1.3843882517624877
-0.539039039039039 1.3985103573535644
-0.536036036036036 1.4124561160402154
-0.5330330330330331 1.4262264925117678
-0.53003003003003 1.4398224568828497
-0.5270270270270271 1.4532449844427253
-0.524024024024024 1.4664950554088318
-0.521021021021021 1.47957365468447
-0.5180180180180181 1.4924817716205994
-0.515015015015015 1.5052203997816989
-0.5120120120120121 1.5177905367156332
-0.509009009009009 1.5301931837274951
-0.506006006006006 1.5424293456573617
-0.503003003003003 1.5545000306619334
-0.5 1.56640625
-0.49699699699699695 1.5781490178216917
-0.4939939939939939 1.5897293509614743
-0.4909909909909911 1.6011482687348366
-0.48798798798798804 1.612406792738637
-0.484984984984985 1.623505946655047
-0.48198198198198194 1.63444675605907
-0.4789789789789789 1.6452302482295744
-0.4759759759759761 1.655857451963806
-0.472972972972973 1.6663293973953395
-0.46996996996997 1.6766471158154117
-0.46696696696696693 1.686811639497616
-0.4639639639639639 1.696824001525897
-0.46096096096096106 1.7066852356258124
-0.457957957957958 1.7163963759990233
-0.45495495495495497 1.7259584571609587
-0.4519519519519519 1.7353725137816296
-0.4489489489489489 1.7446395805295398
-0.44594594594594605 1.7537606919186586
-0.442942942942943 1.7627368821584146
-0.43993993993993996 1.771569185006665
-0.4369369369369369 1.7802586336256108
-0.43393393393393387 1.7888062604406094
-0.43093093093093104 1.7972130970018507
-0.427927927927928 1.805480173848856
-0.42492492492492495 1.813608520377758
-0.4219219219219219 1.8215991647113303
-0.41891891891891886 1.8294531335717228
-0.41591591591591603 1.8371714521558653
-0.412912912912913 1.8447551440135088
-0.40990990990990994 1.852205230927852
-0.4069069069069069 1.8595227327987356
-0.40390390390390385 1.8667086675283495
-0.4009009009009008 1.8737640509094302
-0.397897897897898 1.8806898965159022
-0.39489489489489493 1.8874872155959357
-0.3918918918918919 1.8941570169673738
-0.38888888888888884 1.9007003069155082
-0.3858858858858858 1.9071180890931565
-0.38288288288288297 1.9134113644230095
-0.3798798798798799 1.91958113100222
-0.3768768768768769 1.925628384009184
-0.37387387387387383 1.9315541156124987
-0.3708708708708708 1.9373593148820494
-0.36786786786786796 1.9430449677021961
-0.3648648648648649 1.9486120566870315
-0.36186186186186187 1.9540615610976648
-0.3588588588588588 1.9593944567615145
-0.3558558558558558 1.9646117159935645
-0.35285285285285295 1.9697143075195576
-0.3498498498498499 1.9747031964010953
-0.34684684684684686 1.979579343962605
-0.3438438438438438 1.984343707720153
-0.34084084084084076 1.9889972413120645
-0.33783783783783794 1.993540894431323
-0.3348348348348349 1.9979756127597201
-0.33183183183183185 2.0023023379037164
-0.3288288288288288 2.0065220073319976
-0.32582582582582575 2.0106355543146854
-0.32282282282282293 2.0146439078641727
-0.3198198198198199 2.018547992677566
-0.31681681681681684 2.0223487290806865
-0.3138138138138138 2.026047032973624
-0.31081081081081074 2.029643815777793
-0.3078078078078079 2.0331399843844786
-0.3048048048048049 2.036536441104838
-0.30180180180180183 2.039834083621327
-0.2987987987987988 2.043033804940532
-0.29579579579579574 2.0461364933473725
-0.2927927927927929 2.04914303236065
-0.28978978978978986 2.0520543006899223
-0.2867867867867868 2.0548711721936628
-0.28378378378378377 2.0575945158386943
-0.2807807807807807 2.060225195660863
-0.2777777777777777 2.062764070726926
-0.27477477477477485 2.065211995097633
-0.2717717717717718 2.0675698177919712
-0.26876876876876876 2.0698383827525526
-0.2657657657657657 2.072018528812116
-0.26276276276276267 2.074111089661123
-0.25975975975975985 2.076116893816421
-0.2567567567567568 2.0780367645909528
-0.25375375375375375 2.0798715200644806
-0.2507507507507507 2.081621973055316
-0.24774774774774766 2.0832889310930196
-0.24474474474474484 2.0848731963920546
-0.2417417417417418 2.0863755658263696
-0.23873873873873874 2.087796830904887
-0.2357357357357357 2.0891377777478817
-0.23273273273273265 2.09039918706422
-0.22972972972972983 2.091581834129442
-0.22672672672672678 2.0926864887646675
-0.22372372372372373 2.0937139153163
-0.2207207207207207 2.094664872636513
-0.21771771771771764 2.095540114064497
-0.21471471471471482 2.0963403874084436
-0.21171171171171177 2.0970664349282537
-0.20870870870870872 2.097718993318944
-0.20570570570570568 2.0982987936947346
-0.20270270270270263 2.098806561573804
-0.1996996996996998 2.0992430168636815
-0.19669669669669676 2.099608873847272
-0.1936936936936937 2.0999048411694807
-0.19069069069069067 2.1001316218244375
-0.18768768768768762 2.1002899131432833
-0.1846846846846848 2.1003804067825174
-0.18168168168168175 2.100403788712881
-0.1786786786786787 2.1003607392087607
-0.17567567567567566 2.1002519328380993
-0.1726726726726726 2.100078038452789
-0.1696696696696698 2.0998397191795424
-0.16666666666666674 2.099537632411218
-0.1636636636636637 2.099172429798585
-0.16066066066066065 2.098744757242516
-0.1576576576576576 2.0982552548865896
-0.15465465465465478 2.0977045571100876
-0.15165165165165173 2.097093292521377
-0.14864864864864868 2.096422083951657
-0.14564564564564564 2.0956915484490617
-0.1426426426426426 2.0949022972730993
-0.13963963963963955 2.0940549358894236
-0.13663663663663672 2.0931500639649148
-0.13363363363363367 2.092188275363062
-0.13063063063063063 2.0911701581396342
-0.12762762762762758 2.090096294538631
-0.12462462462462454 2.0889672609884906
-0.12162162162162171 2.087783628098555
-0.11861861861861867 2.0865459606557755
-0.11561561561561562 2.0852548176216468
-0.11261261261261257 2.08391075212936
-0.10960960960960953 2.082514311481165
-0.1066066066066067 2.081066037145929
-0.10360360360360366 2.0795664647568826
-0.10060060060060061 2.0780161241095456
-0.09759759759759756 2.0764155391598185
-0.09459459459459452 2.074765228022234
-0.09159159159159169 2.073065702968359
-0.08858858858858865 2.0713174704253334
-0.0855855855855856 2.0695210309745486
-0.08258258258258255 2.0676768793504428
-0.0795795795795795 2.065785504439416
-0.07657657657657668 2.063847389278854
-0.07357357357357364 2.0618630110562504
-0.07057057057057059 2.0598328411084257
-0.06756756756756754 2.0577573449208293
-0.0645645645645645 2.0556369821269267
-0.06156156156156167 2.053472206507655
-0.05855855855855863 2.051263465990949
-0.05555555555555558 2.0490112026513296
-0.052552552552552534 2.0467158527095455
-0.04954954954954949 2.0443778465322686
-0.04654654654654666 2.0419976086318328
-0.04354354354354362 2.0395755576660153
-0.04054054054054057 2.037112106437854
-0.037537537537537524 2.0346076618954956
-0.03453453453453448 2.0320626251320735
-0.031531531531531654 2.02947739138561
-0.028528528528528607 2.0268523500389377
-0.02552552552552556 2.02418788461964
-0.022522522522522515 2.021484372800008
-0.019519519519519468 2.018742186397003
-0.016516516516516422 2.0159616913722394
-0.013513513513513598 2.013143247831964
-0.010510510510510551 2.0102872100270495
-0.007507507507507505 2.0073939263529845
-0.0045045045045044585 2.0044637393498763
-0.0015015015015014122 2.0014969857024445
0.0015015015015014122 1.9984939962400228
0.0045045045045044585 1.995455095936558
0.007507507507507505 1.9923806039106116
0.010510510510510551 1.9892708334253575
0.013513513513513598 1.9861260918885848
0.016516516516516422 1.9829466808526977
0.019519519519519468 1.9797328960147182
0.022522522522522515 1.976485027216294
0.02552552552552556 1.9732033584437063
0.028528528528528607 1.9698881678278868
0.03153153153153143 1.96653972764444
0.03453453453453448 1.9631583043136764
0.037537537537537524 1.959744158400658
0.04054054054054057 1.956297544615257
0.04354354354354362 1.9528187118122347
0.04654654654654644 1.9493079029913387
0.04954954954954949 1.9457653552974254
0.052552552552552534 1.9421913000206124
0.05555555555555558 1.93858596259646
0.05855855855855863 1.934949562606191
0.06156156156156145 1.9312823137769513
0.0645645645645645 1.9275844239821143
0.06756756756756754 1.9238560952416395
0.07057057057057059 1.9200975237224844
0.07357357357357364 1.9163088997390787
0.07657657657657646 1.9124904077538667
0.0795795795795795 1.9086422263779226
0.08258258258258255 1.904764528371647
0.0855855855855856 1.9008574806455492
0.08858858858858865 1.896921244261123
0.09159159159159147 1.8929559744318252
0.09459459459459452 1.8889618205241592
0.09759759759759756 1.8849389260588785
0.10060060060060061 1.8808874287123114
0.10360360360360366 1.8768074603178195
0.1066066066066067 1.872699146867397
0.10960960960960953 1.868562608513419
0.11261261261261257 1.8643979595705484
0.11561561561561562 1.8602053085178127
0.11861861861861867 1.8559847580008573
0.12162162162162171 1.851736404834385
0.12462462462462454 1.8474603400047958
0.12762762762762758 1.8431566486730324
0.13063063063063063 1.8388254101776476
0.13363363363363367 1.8344666980380973
0.13663663663663672 1.8300805799582773
0.13963963963963955 1.825667117830313
0.1426426426426426 1.8212263677386085
0.14564564564564564 1.816758379964179
0.14864864864864868 1.812263198989266
0.15165165165165173 1.807740863502254
0.15465465465465456 1.803191406402905
0.1576576576576576 1.7986148548079135
0.16066066066066065 1.7940112300568072
0.1636636636636637 1.789380547718198
0.16666666666666674 1.784722817596403
0.16966966966966956 1.7800380437384438
0.1726726726726726 1.775326224441445
0.17567567567567566 1.7705873522604434
0.1786786786786787 1.7658214140166206
0.18168168168168175 1.7610283908059783
0.18468468468468457 1.7562082580084692
0.18768768768768762 1.7513609852976009
0.19069069069069067 1.7464865366505262
0.1936936936936937 1.7415848703586407
0.19669669669669676 1.7366559390386973
0.19969969969969958 1.7316996896444625
0.20270270270270263 1.7267160634789231
0.20570570570570568 1.7217049962070703
0.20870870870870872 1.7166664178692685
0.21171171171171177 1.7116002528952348
0.2147147147147146 1.7065064201186426
0.21771771771771764 1.7013848327923693
0.2207207207207207 1.6962353986044096
0.22372372372372373 1.6910580196944656
0.22672672672672678 1.6858525926712415
0.22972972972972983 1.6806190086304587
0.23273273273273265 1.6753571531736078
0.2357357357357357 1.6700669064274636
0.23873873873873874 1.6647481430643802
0.2417417417417418 1.6594007323233861
0.24474474474474484 1.6540245380321013
0.24774774774774766 1.6486194186294971
0.2507507507507507 1.6431852271895193
0.25375375375375375 1.6377218114456
0.2567567567567568 1.6322290138160727
0.25975975975975985 1.6267066714305205
0.26276276276276267 1.6211546161570747
0.2657657657657657 1.615572674630688
0.26876876876876876 1.6099606682824077
0.2717717717717718 1.6043184133696662
0.27477477477477485 1.5986457210076188
0.2777777777777777 1.5929423972015488
0.2807807807807807 1.5872082428803629
0.28378378378378377 1.581443053931206
0.2867867867867868 1.5756466212352156
0.28978978978978986 1.5698187307044402
0.2927927927927927 1.5639591633199517
0.29579579579579574 1.5580676951711694
0.2987987987987988 1.5521440974964325
0.30180180180180183 1.5461881367248322
0.3048048048048049 1.5401995745193442
0.3078078078078077 1.5341781678212771
0.31081081081081074 1.5281236688960682
0.3138138138138138 1.522035825380456
0.31681681681681684 1.5159143803310493
0.3198198198198199 1.5097590722743282
0.3228228228228227 1.5035696352580983
0.32582582582582575 1.497345798904431
0.3288288288288288 1.491087288464116
0.33183183183183185 1.4847938248726535
0.3348348348348349 1.4784651248078176
0.3378378378378377 1.472100900748817
0.34084084084084076 1.4657008610370839
0.3438438438438438 1.459264709938723
0.34684684684684686 1.4527921477086447
0.3498498498498499 1.4462828706564181
0.3528528528528527 1.439736571213872
0.3558558558558558 1.4331529380044725
0.3588588588588588 1.4265316559145134
0.36186186186186187 1.4198724061661459
0.3648648648648649 1.413174866392281
0.36786786786786796 1.4064387107133944
0.3708708708708708 1.3996636098162716
0.37387387387387383 1.3928492310347143
0.3768768768768769 1.3859952384322567
0.3798798798798799 1.3791012928869084
0.38288288288288297 1.372167052177967
0.3858858858858858 1.36519217107493
0.38888888888888884 1.3581763014285397
0.3918918918918919 1.3511190922639997
0.39489489489489493 1.3440201898763873
0.397897897897898 1.3368792379283048
0.4009009009009008 1.3296958775498031
0.40390390390390385 1.3224697474406075
0.4069069069069069 1.3152004839746876
0.40990990990990994 1.3078877213072015
0.412912912912913 1.3005310914838533
0.4159159159159158 1.2931302245526979
0.41891891891891886 1.285684748678429
0.4219219219219219 1.2781942902591925
0.42492492492492495 1.2706584740459514
0.427927927927928 1.2630769232644514
0.4309309309309308 1.255449259739813
0.43393393393393387 1.247775104023797
0.4369369369369369 1.240054075524778
0.43993993993993996 1.23228579264046
0.442942942942943 1.2244698728933803
0.44594594594594583 1.216605933069233
0.4489489489489489 1.2086935893580528
0.4519519519519519 1.2007324574983083
0.45495495495495497 1.192722152923924
0.457957957957958 1.1846622909142903
0.46096096096096084 1.1765524867472914
0.4639639639639639 1.1683923558553908
0.46696696696696693 1.1601815139848242
0.46996996996997 1.1519195773579272
0.472972972972973 1.1436061628386498
0.47597597597597585 1.1352408881012943
0.4789789789789789 1.1268233718025156
0.48198198198198194 1.1183532337566362
0.484984984984985 1.1098300951143036
0.48798798798798804 1.101253578544544
0.4909909909909911 1.0926233084202488
0.4939939939939939 1.0839389110071405
0.49699699699699695 1.075200014656256
0.5 1.06640625
0.5030030030030028 1.0575572501518025
0.5060060060060061 1.0486526509094252
0.5090090090090089 1.039692090961976
0.5120120120120122 1.0306752121006466
0.515015015015015 1.021601659433256
0.5180180180180178 1.0124710816026057
0.5210210210210211 1.003283131008723
0.5240240240240239 0.9940374640350274
0.5270270270270272 0.9847337412784503
0.53003003003003 0.9753716277835887
0.5330330330330328 0.965950793280898
0.5360360360360361 0.9564709124290072
0.5390390390390389 0.9469316650611859
0.5420420420420422 0.937332736435998
0.545045045045045 0.9276738174922279
0.5480480480480479 0.9179546051080767
0.5510510510510511 0.9081748023647207
0.554054054054054 0.8983341188142608
0.5570570570570572 0.8884322707520989
0.56006006006006 0.8784689814938238
0.5630630630630629 0.868443981656617
0.5660660660660661 0.8583570094452591
0.569069069069069 0.848207810942774
0.5720720720720722 0.8379961404057472
0.575075075075075 0.827721760564402
0.5780780780780779 0.8173844429274446
0.5810810810810811 0.8069839680917583
0.584084084084084 0.7965201260569916
0.5870870870870872 0.7859927165450704
0.5900900900900901 0.7754015493247253
0.5930930930930929 0.7647464445410388
0.5960960960960962 0.7540272330501074
0.599099099099099 0.7432437567588488
0.6021021021021022 0.732395868969995
0.6051051051051051 0.7214834347323642
0.6081081081081079 0.7105063311964144
0.6111111111111112 0.6994644479751719
0.614114114114114 0.6883576875105775
0.6171171171171173 0.6771859654452788
0.6201201201201201 0.6659492109999725
0.6231231231231229 0.6546473673562969
0.6261261261261262 0.6432803920453711
0.629129129129129 0.6318482573420208
0.6321321321321323 0.6203509506647276
0.6351351351351351 0.6087884749814003
0.6381381381381379 0.5971608492209728
0.6411411411411412 0.5854681086909266
0.644144144144144 0.5737103055007784
0.6471471471471473 0.5618875089915714
0.6501501501501501 0.5499998061714684
0.6531531531531529 0.5380473021574566
0.6561561561561562 0.5260301206232594
0.659159159159159 0.5139484042534992
0.6621621621621623 0.5018023152041495
0.6651651651651651 0.48959203556937947
0.6681681681681679 0.4773177678547955
0.6711711711711712 0.4649797354571845
0.674174174174174 0.452578183150798
0.6771771771771773 0.4401133775802184
0.6801801801801801 0.42758560775991317
0.6831831831831834 0.4149951855804832
0.6861861861861862 0.40234244632171334
0.689189189189189 0.389627749172444
0.6921921921921923 0.37685147775735484
0.6951951951951951 0.36401404067071574
0.6981981981981984 0.3511158720171381
0.7012012012012012 0.3381574319594398
0.704204204204204 0.32513920727362855
0.7072072072072073 0.3120617119111091
0.7102102102102101 0.29892548756816284
0.7132132132132134 0.28573110426273707
0.7162162162162162 0.2724791609186641
0.719219219219219 0.25917028595729974
0.7222222222222223 0.245805137896711
0.7252252252252251 0.23238440595844168
0.7282282282282284 0.21890881068191104
0.7312312312312312 0.2053791045465514
0.7342342342342341 0.1917960726016923
0.7372372372372373 0.17816053310430613
0.7402402402402402 0.16447333816466125
0.7432432432432434 0.15073537439992157
0.7462462462462462 0.1369475635958164
0.7492492492492491 0.12311086337637955
0.7522522522522523 0.10922626788187695
0.7552552552552552 0.09529480845496652
0.7582582582582584 0.0813175543351412
0.7612612612612613 0.06729561336156475
0.7642642642642641 0.053230132684313425
0.7672672672672673 0.039122299484140255
0.7702702702702702 0.024973341700802898
0.7732732732732734 0.010784528770011015
0.7762762762762763 -0.0034428276308906547
0.7792792792792791 -0.017707372828502876
0.7822822822822824 -0.032007708390086265
0.7852852852852852 -0.046342391351366974
0.7882882882882885 -0.060709933435385555
0.7912912912912913 -0.07510880026226596
0.7942942942942941 -0.08953741054990028
0.7972972972972974 -0.10399413530541768
0.8003003003003002 -0.11847729700740617
0.8033033033033035 -0.13298516877881994
0.8063063063063063 -0.1475159735504583
0.8093093093093091 -0.16206788321500776
0.8123123123123124 -0.1766390177715209
0.8153153153153152 -0.1912274444602824
0.8183183183183185 -0.20583117688801478
0.8213213213213213 -0.22044817414329332
0.8243243243243241 -0.23507633990216537
0.8273273273273274 -0.24971352152384974
0.8303303303303302 -0.2643575091364583
0.8333333333333335 -0.2790060347126966
0.8363363363363363 -0.2936567711354092
0.8393393393393391 -0.3083073312529647
0.8423423423423424 -0.3229552669243514
0.8453453453453452 -0.3375980680539308
0.8483483483483485 -0.3522331616158012
0.8513513513513513 -0.3668579106676293
0.8543543543543541 -0.38146961335395657
0.8573573573573574 -0.3960655018988395
0.8603603603603602 -0.4106427415877745
0.8633633633633635 -0.4251984297388516
0.8663663663663663 -0.43972959466300976
0.8693693693693691 -0.45423319461337464
0.8723723723723724 -0.4687061167235642
0.8753753753753752 -0.4831451759348848
0.8783783783783785 -0.4975471139123826
0.8813813813813813 -0.5119085979496081
0.8843843843843842 -0.5262262198620817
0.8873873873873874 -0.5404964948693318
0.8903903903903903 -0.5547158604654481
0.8933933933933935 -0.5688806752780886
0.8963963963963963 -0.5829872179158193
0.8993993993993992 -0.5970316858037537
0.9024024024024024 -0.6110101940073789
0.9054054054054053 -0.6249187740445001
0.9084084084084085 -0.6387533726852395
0.9114114114114114 -0.6525098507399729
0.9144144144144142 -0.6661839818351711
0.9174174174174174 -0.6797714511770216
0.9204204204204203 -0.6932678543027704
0.9234234234234235 -0.7066686958197157
0.9264264264264264 -0.7199693881317364
0.9294294294294292 -0.7331652501533172
0.9324324324324325 -0.7462515060109478
0.9354354354354353 -0.7592232837318367
0.9384384384384385 -0.7720756139198666
0.9414414414414414 -0.7848034284186718
0.9444444444444446 -0.7974015589618029
0.9474474474474475 -0.8098647358098461
0.9504504504504503 -0.8221875863744605
0.9534534534534536 -0.8343646338292139
0.9564564564564564 -0.8463902957071427
0.9594594594594597 -0.8582588824849795
0.9624624624624625 -0.8699645961539
0.9654654654654653 -0.8815015287767909
0.9684684684684686 -0.8928636610318694
0.9714714714714714 -0.9040448607426201
0.9744744744744747 -0.9150388813939605
0.9774774774774775 -0.925839360634519
0.9804804804804803 -0.9364398187649785
0.9834834834834836 -0.9468336572123679
0.9864864864864864 -0.9570141569902222
0.9894894894894897 -0.9669744771445554
0.9924924924924925 -0.9767076531854935
0.9954954954954953 -0.9862065955045534
0.9984984984984986 -0.9954640877774317
1.0015015015015014 -1.00447278535222
1.0045045045045047 -1.013225213622989
1.0075075075075075 -1.0217137663886118
1.0105105105105103 -1.029930704196775
1.0135135135135136 -1.0378681526730578
1.0165165165165164 -1.0455181008350047
1.0195195195195197 -1.052872399391111
1.0225225225225225 -1.0599227590246074
1.0255255255255253 -1.0666607486619748
1.0285285285285286 -1.0730777937260925
1.0315315315315314 -1.079165174373919
1.0345345345345347 -1.0849140237186332
1.0375375375375375 -1.090315326036127
1.0405405405405403 -1.095359914955774
1.0435435435435436 -1.1000384716353602
1.0465465465465464 -1.1043415229201186
1.0495495495495497 -1.108259439485734
1.0525525525525525 -1.1117824339652636
1.0555555555555554 -1.114900559059858
1.0585585585585586 -1.1176037056331931
1.0615615615615615 -1.1198816007895238
1.0645645645645647 -1.121723805935265
1.0675675675675675 -1.1231197148240057
1.0705705705705704 -1.1240585515848611
1.0735735735735736 -1.1245293687340645
1.0765765765765765 -1.1245210451697139
1.0795795795795797 -1.1240222841495742
1.0825825825825826 -1.1230216112518274
1.0855855855855854 -1.1215073723187037
1.0885885885885886 -1.1194677313828643
1.0915915915915915 -1.1168906685764681
1.0945945945945947 -1.1137639780228068
1.0975975975975976 -1.1100752657104245
1.1006006006006004 -1.1058119473496095
1.1036036036036037 -1.1009612462111873
1.1066066066066065 -1.0955101909474898
1.1096096096096097 -1.089445613395418
1.1126126126126126 -1.0827541463614967
1.1156156156156154 -1.075422221388827
1.1186186186186187 -1.067436066505826
1.1216216216216215 -1.0587817039566816
1.1246246246246248 -1.049444947913376
1.1276276276276276 -1.039411402169248
1.1306306306306304 -1.028666457813915
1.1336336336336337 -1.0171952908895197
1.1366366366366365 -1.0049828600281763
1.1396396396396398 -0.992013904070502
1.1426426426426426 -0.9782729396651648
1.1456456456456454 -0.9637442588493093
1.1486486486486487 -0.9484119266098006
1.1516516516516515 -0.9322597784251601
1.1546546546546548 -0.9152714177880732
1.1576576576576576 -0.8974302137084269
1.1606606606606604 -0.8787192981967071
1.1636636636636637 -0.8591215637276917
1.1666666666666665 -0.8386196606843477
1.1696696696696698 -0.8171959947817742
1.1726726726726726 -0.7948327244711684
1.1756756756756754 -0.7715117583236228
1.1786786786786787 -0.7472147523937274
1.1816816816816815 -0.7219231075628354
1.1846846846846848 -0.6956179668618643
1.1876876876876876 -0.6682802127736083
1.1906906906906904 -0.6398904645143424
1.1936936936936937 -0.6104290752947263
1.1966966966966965 -0.5798761295598416
1.1996996996996998 -0.5482114402082319
1.2027027027027026 -0.5154145457899393
1.205705705705706 -0.4814647076832923
1.2087087087087087 -0.44634090725049225
1.2117117117117115 -0.41002184297174393
1.2147147147147148 -0.3724859275579231
1.2177177177177176 -0.33371128504167835
1.220720720720721 -0.2936757478467329
1.2237237237237237 -0.2523568538354817
1.2267267267267266 -0.20973184333456452
1.2297297297297298 -0.16577765613846918
1.2327327327327327 -0.12047092849099617
1.235735735735736 -0.07378799004440895
1.2387387387387387 -0.025704860796319284
1.2417417417417416 0.023802751995986693
1.2447447447447448 0.07475945692373909
1.2477477477477477 0.12719018155756068
1.250750750750751 0.18112017560121085
1.2537537537537538 0.2365750140681282
1.2567567567567566 0.293580600481107
1.2597597597597598 0.3521631700950212
1.2627627627627627 0.412349293142793
1.265765765765766 0.4741658781047984
1.2687687687687688 0.5376401750015964
1.2717717717717716 0.6027997787103829
1.2747747747747749 0.6696726323050353
1.2777777777777777 0.7382870304199511
1.280780780780781 0.8086716226379083
1.2837837837837838 0.8808554169017926
1.2867867867867866 0.9548677829506289
1.2897897897897899 1.0307384557797428
1.2927927927927927 1.1084975391253251
1.295795795795796 1.18817550897354
1.2987987987987988 1.269803217094101
1.3018018018018016 1.353411894598707
1.3048048048048049 1.4390331555242084
1.3078078078078077 1.52669900044067
1.310810810810811 1.6164418200846726
1.3138138138138138 1.7082943990175599
1.3168168168168166 1.8022899193091537
1.3198198198198199 1.898461964246799
1.3228228228228227 1.9968445220698632
1.325825825825826 2.0974719897300504
1.3288288288288288 2.2003791766772514
1.3318318318318316 2.3056013086714797
1.334834834834835 2.4131740316206503
1.3378378378378377 2.523133415444457
1.340840840840841 2.6355159579646514
1.3438438438438438 2.750358588821403
1.3468468468468466 2.867698673416386
1.34984984984985 2.987574016882264
1.3528528528528527 3.110022868078902
1.355855855855856 3.235083923616529
1.3588588588588588 3.3627963319056215
1.3618618618618616 3.493199697234089
1.364864864864865 3.6263340838714644
1.3678678678678677 3.76224002020039
1.370870870870871 3.9009585028757323
1.3738738738738738 4.04253100101092
1.3768768768768767 4.186999460392272
1.37987987987988 4.334406307720892
1.3828828828828827 4.4847944548824685
1.385885885885886 4.638207303245329
1.3888888888888888 4.794688747986315
1.3918918918918917 4.954283182445245
1.394894894894895 5.117035502507604
1.3978978978978978 5.282991111015675
1.400900900900901 5.45219592220862
1.4039039039039038 5.6246963661909195
1.4069069069069067 5.800539393430121
1.40990990990991 5.9797724792832945
1.4129129129129128 6.162443628552679
1.415915915915916 6.348601380070821
1.4189189189189189 6.53829481131474
1.4219219219219217 6.731573543049969
1.424924924924925 6.928487744004016
1.4279279279279278 7.1290881355695355
1.430930930930931 7.333425996537732
1.4339339339339339 7.541553167861316
1.4369369369369367 7.753522057448041
1.43993993993994 7.969385644984266
1.4429429429429428 8.189197486788844
1.445945945945946 8.413011720697908
1.4489489489489489 8.64088307097983
1.4519519519519521 8.87286685328144
1.454954954954955 9.109018979604675
1.4579579579579578 9.349395963314766
1.460960960960961 9.594054924179229
1.4639639639639639 9.843053593438169
1.4669669669669672 10.096450318906381
1.46996996996997 10.354304070106433
1.4729729729729728 10.616674443434011
1.475975975975976 10.883621667354724
1.478978978978979 11.155206607632804
1.4819819819819822 11.43149077259234
1.484984984984985 11.712536318410057
1.4879879879879878 11.998406054441102
1.490990990990991 12.289163448576861
1.493993993993994 12.584872632635387
1.4969969969969972 12.885598407784983
1.5 13.19140625